MaterSlave_O3_native_2b
9 9,67
9 9,67
9 9,69
9 9,76
9 9,72
9 9,71
9 9,75
9 9,80
9 9,79
9 9,85
MaterSlave_O3_native_3
4 41,26
4 41,39
4 41,32
4 41,43
4 41,41
4 41,27
4 41,40
4 41,36
4 41,31
4 41,33
MaterSlave_O3_native_5
2 24,33
2 24,41
2 24,42
2 24,43
2 24,37
2 24,33
2 24,38
2 24,39
2 24,36
2 24,39
MaterSlave_O3_native_9
1 12,91
1 12,92
1 12,99
1 12,94
1 12,91
1 12,90
1 12,94
1 12,93
1 12,93
1 12,94
MaterSlave_O3_native_13
0 49,15
0 49,10
0 49,09
0 49,19
0 49,10
0 49,15
0 49,15
0 49,11
0 49,16
0 49,14
MaterSlave_O3_native_17
0 36,88
0 36,89
0 36,97
0 36,91
0 36,89
0 36,87
0 36,91
0 36,92
0 36,98
0 36,89
MaterSlave_O3_native_21
0 29,69
0 29,67
0 29,66
0 29,67
0 29,67
0 29,66
0 29,71
0 29,70
0 29,66
0 29,67
MaterSlave_O3_native_25
0 25,48
0 25,55
0 25,53
0 25,54
0 25,45
0 25,51
0 25,52
0 25,50
0 25,53
0 25,53
MaterSlave_O3_native_29
0 21,58
0 21,59
0 21,58
0 21,59
0 21,59
0 21,64
0 21,55
0 21,59
0 21,60
0 21,56
MaterSlave_O3_native_33
0 19,18
0 19,15
0 19,15
0 19,14
0 19,10
0 19,17
0 19,09
0 19,15
0 19,10
0 19,11
MaterSlave_O3_native_37
0 17,59
0 17,52
0 17,64
0 17,53
0 17,56
0 17,55
0 17,51
0 17,53
0 17,52
0 17,53
MaterSlave_O3_native_41
0 15,99
0 16,05
0 16,08
0 16,03
0 16,06
0 15,99
0 16,07
0 16,05
0 16,00
0 15,97
MaterSlave_O3_native_45
0 14,50
0 14,54
0 14,59
0 14,53
0 14,56
0 14,59
0 14,48
0 14,49
0 14,51
0 14,59
MaterSlave_O3_native_49
0 13,73
0 13,71
0 13,73
0 13,68
0 13,70
0 13,73
0 13,75
0 13,73
0 13,73
0 13,73
MaterSlave_O3_native_53
0 12,99
0 12,98
0 13,00
0 12,98
0 12,99
0 12,99
0 12,95
0 13,00
0 12,92
0 12,98
MaterSlave_O3_native_57
0 12,25
0 12,27
0 12,21
0 12,25
0 12,20
0 12,27
0 12,24
0 12,19
0 12,26
0 12,20
MaterSlave_O3_native_61
0 11,52
0 11,66
0 11,59
0 11,59
0 11,58
0 11,56
0 11,52
0 11,56
0 11,55
0 11,52
MaterSlave_O3_2b
9 16,45
9 16,44
9 16,42
9 16,42
9 16,46
9 16,52
9 16,44
9 16,53
9 16,47
9 16,59
MaterSlave_O3_3
4 44,76
4 44,79
4 44,76
4 44,82
4 44,81
4 44,75
4 44,75
4 44,77
4 44,82
4 44,75
MaterSlave_O3_5
2 26,18
2 26,13
2 26,23
2 26,16
2 26,13
2 26,49
2 34,85
2 36,03
2 35,42
2 36,48
MaterSlave_O3_9
1 16,31
1 16,12
1 16,24
1 16,24
1 13,89
1 13,84
1 13,80
1 13,84
1 13,88
1 13,84
MaterSlave_O3_13
0 49,74
0 49,70
0 49,74
0 49,78
0 49,77
0 49,71
0 49,74
0 49,85
0 49,73
0 49,71
MaterSlave_O3_17
0 37,36
0 37,36
0 37,35
0 37,37
0 37,37
0 37,39
0 37,39
0 37,36
0 37,39
0 37,34
MaterSlave_O3_21
0 29,97
0 30,03
0 30,04
0 30,01
0 30,07
0 30,03
0 30,03
0 30,02
0 30,00
0 30,03
MaterSlave_O3_25
0 25,86
0 25,80
0 25,84
0 25,84
0 25,86
0 25,83
0 25,80
0 25,84
0 25,78
0 25,80
MaterSlave_O3_29
0 21,83
0 21,85
0 21,84
0 21,80
0 21,86
0 21,84
0 21,80
0 21,79
0 21,78
0 21,80
MaterSlave_O3_33
0 19,41
0 19,37
0 19,38
0 19,40
0 19,37
0 19,33
0 19,36
0 19,38
0 19,39
0 19,36
MaterSlave_O3_37
0 17,73
0 17,78
0 17,77
0 17,70
0 17,72
0 17,74
0 17,74
0 17,74
0 17,80
0 17,76
MaterSlave_O3_41
0 16,25
0 16,25
0 16,19
0 16,20
0 16,21
0 16,21
0 16,21
0 16,21
0 16,19
0 16,22
MaterSlave_O3_45
0 14,72
0 14,65
0 14,72
0 14,71
0 14,77
0 14,66
0 14,64
0 14,69
0 14,72
0 14,74
MaterSlave_O3_49
0 13,92
0 13,89
0 13,91
0 13,84
0 13,90
0 13,85
0 13,89
0 13,89
0 13,87
0 13,87
MaterSlave_O3_53
0 13,11
0 13,04
0 13,15
0 13,06
0 13,14
0 13,17
0 13,12
0 13,16
0 13,05
0 13,11
MaterSlave_O3_57
0 12,40
0 12,35
0 12,36
0 12,37
0 12,39
0 12,42
0 12,36
0 12,42
0 12,38
0 12,38
MaterSlave_O3_61
0 11,74
0 11,66
0 11,70
0 11,69
0 11,68
0 11,72
0 11,67
0 11,69
0 11,69
0 11,62
MaterSlave_O2_2b
9 16,91
9 16,77
9 16,79
9 16,85
9 16,77
9 16,83
9 16,81
9 16,71
9 16,74
9 16,96
MaterSlave_O2_3
4 44,78
4 44,78
4 44,79
4 44,87
4 44,81
4 44,78
4 44,76
4 44,93
4 44,87
4 44,76
MaterSlave_O2_5
2 26,15
2 26,18
2 26,18
2 26,19
2 26,15
2 26,18
2 26,12
2 26,17
2 26,14
2 26,18
MaterSlave_O2_9
1 13,80
1 13,83
1 13,81
1 13,83
1 13,86
1 13,83
1 13,82
1 13,81
1 13,86
1 13,83
MaterSlave_O2_13
0 49,72
0 49,78
0 49,73
0 49,70
0 49,78
0 49,76
0 49,71
0 49,75
0 49,73
0 49,72
MaterSlave_O2_17
0 37,34
0 37,35
0 37,39
0 37,36
0 37,36
0 37,32
0 37,36
0 37,38
0 37,35
0 37,35
MaterSlave_O2_21
0 30,14
0 29,98
0 30,04
0 30,07
0 30,02
0 30,03
0 29,95
0 30,02
0 30,02
0 30,07
MaterSlave_O2_25
0 25,75
0 25,81
0 25,79
0 25,79
0 25,85
0 25,81
0 25,79
0 25,84
0 25,84
0 25,84
MaterSlave_O2_29
0 21,79
0 21,82
0 21,88
0 21,80
0 21,81
0 21,82
0 21,82
0 21,86
0 21,82
0 21,80
MaterSlave_O2_33
0 19,33
0 19,39
0 19,35
0 19,39
0 19,35
0 19,36
0 19,35
0 19,38
0 19,39
0 19,39
MaterSlave_O2_37
0 17,85
0 17,74
0 17,75
0 17,73
0 17,70
0 17,72
0 17,74
0 17,79
0 17,74
0 17,78
MaterSlave_O2_41
0 16,18
0 16,22
0 16,22
0 16,22
0 16,24
0 16,19
0 16,20
0 16,19
0 16,18
0 16,23
MaterSlave_O2_45
0 14,70
0 14,70
0 14,71
0 14,73
0 14,69
0 14,62
0 14,69
0 14,66
0 14,71
0 14,73
MaterSlave_O2_49
0 13,80
0 13,89
0 13,91
0 13,88
0 13,93
0 13,88
0 13,90
0 13,87
0 13,91
0 13,89
MaterSlave_O2_53
0 13,17
0 13,07
0 13,11
0 13,13
0 13,10
0 13,10
0 13,13
0 13,13
0 13,17
0 13,14
MaterSlave_O2_57
0 12,35
0 12,33
0 12,37
0 12,35
0 12,40
0 12,39
0 12,35
0 12,36
0 12,37
0 12,38
MaterSlave_O2_61
0 11,65
0 11,67
0 11,66
0 11,64
0 11,68
0 11,72
0 11,75
0 11,69
0 11,68
0 11,73
MaterSlave_2b
26 30,27
26 30,46
26 30,27
26 29,84
26 30,51
26 30,71
26 30,31
26 30,22
26 30,35
26 30,17
MaterSlave_3
13 32,72
13 32,96
13 32,97
13 32,72
13 32,89
13 32,95
13 33,01
13 32,84
13 32,78
13 32,98
MaterSlave_5
6 56,63
6 56,70
6 56,62
7 16,06
6 56,62
6 56,71
6 56,63
6 56,69
6 56,67
6 58,90
MaterSlave_9
3 29,83
3 29,81
3 29,82
3 29,80
3 29,79
3 29,81
3 29,79
3 29,85
3 29,81
3 34,48
MaterSlave_13
2 20,84
2 20,93
2 20,84
2 23,17
2 23,36
2 20,90
2 20,96
2 20,89
2 20,88
2 20,97
MaterSlave_17
1 45,37
1 45,32
1 45,33
1 45,34
1 45,31
1 45,35
1 45,36
1 45,33
1 45,34
1 45,31
MaterSlave_21
1 26,78
1 24,11
1 24,26
1 26,40
1 24,14
1 24,11
1 24,10
1 24,27
1 26,40
1 26,40
MaterSlave_25
1 12,16
1 12,16
1 12,16
1 12,15
1 12,17
1 12,14
1 12,17
1 12,15
1 12,16
1 12,12
MaterSlave_29
1 0,49
1 0,46
1 0,48
1 2,62
1 2,70
1 0,46
1 0,48
1 0,49
1 2,73
1 2,70
MaterSlave_33
0 53,37
0 53,36
0 53,37
0 55,47
0 53,41
0 53,38
0 53,32
0 53,37
0 53,35
0 53,36
MaterSlave_37
0 48,65
0 48,77
0 48,71
0 48,69
0 48,73
0 48,62
0 48,69
0 48,67
0 48,69
0 48,65
MaterSlave_41
0 44,00
0 44,01
0 44,05
0 43,96
0 44,03
0 44,04
0 44,07
0 44,06
0 44,09
0 44,01
MaterSlave_45
0 39,43
0 39,52
0 39,42
0 39,41
0 39,44
0 39,36
0 41,39
0 39,38
0 39,39
0 39,45
MaterSlave_49
0 37,12
0 37,08
0 37,15
0 37,09
0 37,05
0 37,10
0 37,06
0 37,09
0 37,12
0 37,06
MaterSlave_53
0 34,79
0 34,73
0 34,75
0 34,79
0 34,80
0 34,77
0 34,76
0 34,77
0 34,73
0 34,78
MaterSlave_57
0 32,51
0 32,45
0 32,52
0 32,50
0 32,51
0 32,92
0 32,42
0 32,48
0 32,47
0 32,57
MaterSlave_61
0 30,24
0 30,32
0 30,28
0 30,19
0 30,22
0 30,25
0 30,22
0 30,28
0 30,26
0 30,32
