MaterSlave_O3_native_2b
9 10,51
9 10,79
9 10,17
9 10,24
9 10,34
9 10,48
9 10,26
9 10,45
9 11,04
9 10,44
MaterSlave_O3_native_3
4 41,49
4 41,47
4 41,44
4 41,49
4 41,58
4 41,48
4 41,43
4 41,52
4 41,44
4 41,52
MaterSlave_O3_native_5
2 24,46
2 24,44
2 24,44
2 24,44
2 24,49
2 24,43
2 24,48
2 24,43
2 24,45
2 24,44
MaterSlave_O3_native_9
1 12,98
1 12,99
1 12,98
1 13,00
1 12,96
1 13,00
1 12,99
1 12,93
1 13,01
1 12,96
MaterSlave_O3_native_13
0 49,22
0 49,17
0 49,17
0 49,17
0 49,14
0 49,16
0 49,19
0 49,12
0 49,20
0 49,16
MaterSlave_O3_native_17
0 36,94
0 36,92
0 36,91
0 36,91
0 36,95
0 36,93
0 36,90
0 36,91
0 36,92
0 36,92
MaterSlave_O3_native_21
0 29,73
0 29,69
0 29,70
0 29,64
0 29,68
0 29,67
0 29,65
0 29,68
0 29,65
0 29,68
MaterSlave_O3_native_25
0 25,50
0 25,59
0 25,49
0 25,56
0 25,48
0 25,56
0 25,55
0 25,56
0 25,51
0 25,58
MaterSlave_O3_native_29
0 21,55
0 21,66
0 21,60
0 21,58
0 21,62
0 21,59
0 21,61
0 21,63
0 21,60
0 21,61
MaterSlave_O3_native_33
0 19,20
0 19,16
0 19,14
0 19,13
0 19,18
0 19,15
0 19,15
0 19,18
0 19,16
0 19,16
MaterSlave_O3_native_37
0 17,57
0 17,65
0 17,57
0 17,61
0 17,60
0 17,56
0 17,58
0 17,54
0 17,51
0 17,56
MaterSlave_O3_native_41
0 16,03
0 16,00
0 16,03
0 16,12
0 16,02
0 16,04
0 16,02
0 15,98
0 16,03
0 16,05
MaterSlave_O3_native_45
0 14,52
0 14,57
0 14,62
0 14,54
0 14,58
0 14,62
0 14,56
0 14,54
0 14,58
0 14,59
MaterSlave_O3_native_49
0 13,78
0 13,71
0 13,75
0 13,78
0 13,79
0 13,76
0 13,76
0 13,76
0 13,75
0 13,78
MaterSlave_O3_native_53
0 12,96
0 12,98
0 12,99
0 12,99
0 13,00
0 12,98
0 12,98
0 12,99
0 12,99
0 12,99
MaterSlave_O3_native_57
0 12,24
0 12,30
0 12,25
0 12,30
0 12,29
0 12,31
0 12,26
0 12,27
0 12,26
0 12,30
MaterSlave_O3_native_61
0 11,53
0 11,54
0 11,62
0 11,65
0 11,58
0 11,62
0 11,59
0 11,57
0 11,64
0 11,55
MaterSlave_O3_2b
9 17,07
9 16,97
9 17,14
9 17,02
9 17,09
9 17,62
9 17,48
9 16,96
9 17,54
9 17,04
MaterSlave_O3_3
4 44,98
4 44,95
4 44,98
4 45,02
4 44,94
4 44,95
4 44,96
4 44,95
4 44,99
4 45,09
MaterSlave_O3_5
2 26,29
2 26,34
2 26,33
2 26,41
2 26,34
2 26,32
2 26,29
2 26,31
2 26,28
2 26,30
MaterSlave_O3_9
1 13,88
1 13,87
1 13,84
1 13,88
1 13,90
1 13,90
1 13,93
1 13,91
1 13,87
1 13,85
MaterSlave_O3_13
0 49,81
0 49,79
0 49,77
0 49,82
0 49,78
0 49,81
0 49,81
0 49,74
0 49,78
0 49,79
MaterSlave_O3_17
0 37,37
0 37,36
0 37,36
0 37,38
0 37,34
0 37,36
0 37,36
0 37,42
0 37,37
0 37,40
MaterSlave_O3_21
0 30,10
0 30,05
0 30,03
0 30,02
0 30,00
0 30,03
0 30,00
0 30,03
0 30,01
0 30,03
MaterSlave_O3_25
0 25,86
0 25,82
0 25,78
0 25,81
0 25,82
0 25,84
0 25,86
0 25,85
0 25,84
0 25,86
MaterSlave_O3_29
0 21,88
0 21,85
0 21,82
0 21,81
0 21,83
0 21,87
0 21,83
0 21,82
0 21,84
0 21,88
MaterSlave_O3_33
0 19,34
0 19,34
0 19,37
0 19,36
0 19,41
0 19,38
0 19,39
0 19,37
0 19,36
0 19,35
MaterSlave_O3_37
0 17,77
0 17,83
0 17,75
0 17,78
0 17,72
0 17,80
0 17,84
0 17,76
0 17,74
0 17,76
MaterSlave_O3_41
0 16,23
0 16,19
0 16,24
0 16,18
0 16,24
0 16,23
0 16,24
0 16,20
0 16,22
0 16,17
MaterSlave_O3_45
0 14,76
0 14,66
0 14,73
0 14,73
0 14,73
0 14,80
0 14,70
0 14,70
0 14,75
0 14,77
MaterSlave_O3_49
0 13,89
0 13,86
0 13,93
0 13,93
0 13,91
0 13,89
0 13,93
0 13,91
0 13,93
0 13,93
MaterSlave_O3_53
0 13,19
0 13,16
0 13,16
0 13,10
0 13,13
0 13,14
0 13,13
0 13,11
0 13,13
0 13,14
MaterSlave_O3_57
0 12,36
0 12,45
0 12,42
0 12,39
0 12,39
0 12,41
0 12,44
0 12,40
0 12,40
0 12,45
MaterSlave_O3_61
0 11,73
0 11,79
0 11,75
0 11,74
0 11,67
0 11,73
0 11,69
0 11,70
0 11,73
0 11,67
MaterSlave_O2_2b
9 17,03
9 17,07
9 17,07
9 17,19
9 17,69
9 17,03
9 17,08
9 17,10
9 17,51
9 16,99
MaterSlave_O2_3
4 44,94
4 45,00
4 44,96
4 44,94
4 44,90
4 44,91
4 44,94
4 44,92
4 44,96
4 45,04
MaterSlave_O2_5
2 26,44
2 26,32
2 26,31
2 26,29
2 26,31
2 26,35
2 26,28
2 26,34
2 26,25
2 26,28
MaterSlave_O2_9
1 13,94
1 13,87
1 13,92
1 13,92
1 13,91
1 13,88
1 13,89
1 13,87
1 13,87
1 13,84
MaterSlave_O2_13
0 49,79
0 49,80
0 49,77
0 49,72
0 49,76
0 49,79
0 49,76
0 49,80
0 49,77
0 49,77
MaterSlave_O2_17
0 37,36
0 37,37
0 37,36
0 37,36
0 37,36
0 37,37
0 37,38
0 37,37
0 37,38
0 37,36
MaterSlave_O2_21
0 30,02
0 30,05
0 30,03
0 30,02
0 30,00
0 30,02
0 30,00
0 30,05
0 30,03
0 30,02
MaterSlave_O2_25
0 25,83
0 25,88
0 25,84
0 25,84
0 25,84
0 25,84
0 25,83
0 25,85
0 25,90
0 25,85
MaterSlave_O2_29
0 21,87
0 21,88
0 21,83
0 21,87
0 21,86
0 21,86
0 21,83
0 21,84
0 21,81
0 21,81
MaterSlave_O2_33
0 19,33
0 19,35
0 19,33
0 19,38
0 19,38
0 19,33
0 19,36
0 19,39
0 19,36
0 19,35
MaterSlave_O2_37
0 17,79
0 17,76
0 17,79
0 17,86
0 17,87
0 17,74
0 17,79
0 17,71
0 17,77
0 17,71
MaterSlave_O2_41
0 16,20
0 16,26
0 16,22
0 16,25
0 16,21
0 16,14
0 16,19
0 16,22
0 16,23
0 16,23
MaterSlave_O2_45
0 14,74
0 14,70
0 14,65
0 14,68
0 14,66
0 14,79
0 14,74
0 14,73
0 14,71
0 14,74
MaterSlave_O2_49
0 13,88
0 13,86
0 13,87
0 13,95
0 13,89
0 13,87
0 13,91
0 13,88
0 13,93
0 13,89
MaterSlave_O2_53
0 13,17
0 13,19
0 13,10
0 13,15
0 13,20
0 13,16
0 13,14
0 13,15
0 13,12
0 13,17
MaterSlave_O2_57
0 12,42
0 12,39
0 12,37
0 12,38
0 12,42
0 12,39
0 12,39
0 12,40
0 12,40
0 12,42
MaterSlave_O2_61
0 11,70
0 11,77
0 11,73
0 11,75
0 11,77
0 11,70
0 11,71
0 11,73
0 11,75
0 11,72
MaterSlave_2b
26 31,21
26 31,43
26 45,55
26 31,61
26 31,06
26 32,55
26 31,24
26 30,01
26 31,43
26 32,41
MaterSlave_3
13 33,37
13 33,36
13 33,40
13 33,34
13 33,49
13 33,41
13 33,39
13 33,38
13 33,17
13 33,21
MaterSlave_5
6 57,55
6 57,56
6 57,61
6 57,46
6 57,58
6 59,67
6 57,48
6 57,53
6 57,48
6 57,45
MaterSlave_9
3 29,93
3 29,91
3 29,88
3 29,95
3 29,93
3 29,91
3 29,89
3 29,86
3 29,94
3 29,95
MaterSlave_13
2 20,97
2 20,98
2 21,11
2 20,97
2 20,93
2 20,99
2 20,96
2 23,28
2 21,08
2 20,95
MaterSlave_17
1 45,41
1 45,38
1 47,68
1 45,39
1 45,50
1 45,37
1 45,43
1 45,48
1 47,68
1 45,49
MaterSlave_21
1 24,19
1 26,44
1 24,26
1 24,18
1 24,25
1 24,22
1 26,43
1 24,19
1 24,31
1 24,28
MaterSlave_25
1 12,25
1 12,26
1 12,12
1 12,18
1 12,31
1 12,22
1 12,16
1 12,19
1 12,30
1 12,14
MaterSlave_29
1 0,51
1 0,57
1 2,78
1 2,63
1 2,93
1 0,48
1 2,72
1 0,51
1 0,48
1 0,62
MaterSlave_33
0 53,31
0 53,43
0 53,35
0 53,33
0 55,09
0 53,35
0 53,37
0 53,41
0 53,39
0 53,34
MaterSlave_37
0 48,62
0 48,75
0 48,78
0 48,64
0 48,66
0 48,67
0 48,74
0 48,74
0 48,74
0 48,67
MaterSlave_41
0 44,05
0 43,99
0 44,04
0 44,02
0 44,06
0 44,04
0 44,03
0 44,04
0 44,07
0 44,12
MaterSlave_45
0 39,46
0 39,42
0 39,40
0 39,49
0 39,46
0 39,53
0 39,50
0 39,45
0 39,40
0 39,44
MaterSlave_49
0 37,04
0 37,11
0 37,05
0 37,17
0 37,10
0 37,08
0 37,08
0 37,04
0 37,10
0 37,04
MaterSlave_53
0 34,86
0 35,07
0 34,78
0 35,12
0 34,71
0 35,04
0 34,77
0 34,81
0 34,84
0 34,82
MaterSlave_57
0 32,47
0 32,44
0 32,86
0 32,49
0 32,47
0 32,43
0 32,48
0 32,62
0 32,50
0 32,45
MaterSlave_61
0 30,25
0 30,28
0 30,20
0 30,24
0 30,27
0 30,31
0 30,24
0 30,23
0 30,24
0 30,26
MaterSlave_O3_native_65
0 10,91
0 11,00
0 10,97
0 10,99
0 10,95
0 10,98
0 11,05
0 11,09
0 11,07
0 11,00
MaterSlave_O3_65
0 11,77
0 11,84
0 11,81
0 11,74
0 11,78
0 11,79
0 11,77
0 11,78
0 11,78
0 11,76
MaterSlave_O2_65
0 11,02
0 11,06
0 11,05
0 11,07
0 11,04
0 11,11
0 11,10
0 11,13
0 11,07
0 11,05
MaterSlave_65
0 28,19
0 28,00
0 28,11
0 28,11
0 28,13
0 28,12
0 28,09
0 28,11
0 28,08
0 28,16
