SPMDv4_O3_native_1
39 50,46
39 49,90
39 50,94
39 49,73
39 51,63
39 50,79
39 49,09
39 50,40
39 51,07
39 49,84
SPMDv4_O3_native_2
20 17,93
20 19,59
20 18,81
20 19,00
20 19,03
20 18,67
20 18,94
20 18,56
20 18,12
20 18,86
SPMDv4_O3_native_4
10 23,05
10 23,10
10 23,11
10 23,04
10 23,62
10 23,06
10 23,04
10 23,06
10 23,19
10 23,19
SPMDv4_O3_native_8
6 32,16
6 30,92
6 31,98
6 31,96
6 31,10
5 46,32
5 19,05
5 18,94
5 18,95
5 19,02
SPMDv4_O3_native_12
3 39,74
3 40,27
3 39,58
3 39,59
3 39,87
3 39,70
3 39,69
3 39,67
3 39,58
3 39,75
SPMDv4_O3_native_16
2 49,65
2 49,61
2 49,34
2 49,52
2 49,57
2 49,36
2 49,63
2 49,42
2 49,50
2 50,20
SPMDv4_O3_native_20
2 18,38
2 18,40
2 18,41
2 18,45
2 18,40
2 18,37
2 18,39
2 18,33
2 18,47
2 19,03
SPMDv4_O3_native_24
1 56,22
1 55,90
1 55,94
1 56,06
1 56,21
1 55,73
1 56,40
1 56,11
1 55,83
1 56,26
SPMDv4_O3_native_28
1 42,40
1 42,43
1 42,33
1 42,23
1 42,15
1 42,33
1 42,33
1 42,27
1 43,86
1 42,35
SPMDv4_O3_native_32
1 26,74
1 27,03
1 26,78
1 27,00
1 26,78
1 26,84
1 26,87
1 27,02
1 26,76
1 27,00
SPMDv4_O3_native_36
1 21,25
1 20,77
1 21,13
1 21,37
1 20,86
1 21,73
1 21,55
1 21,21
1 20,59
1 20,79
SPMDv4_O3_native_40
1 10,96
1 10,95
1 10,92
1 10,98
1 10,96
1 10,95
1 10,98
1 10,91
1 11,06
1 11,11
SPMDv4_O3_native_44
1 10,52
1 10,84
1 11,08
1 11,38
1 10,84
1 10,35
1 11,11
1 10,53
1 10,51
1 10,67
SPMDv4_O3_native_48
1 0,69
1 2,21
1 0,18
1 0,26
1 0,36
1 0,13
1 0,30
1 0,19
1 0,19
1 0,32
SPMDv4_O3_native_52
1 6,06
1 5,86
1 6,06
1 6,06
1 6,12
1 5,59
1 5,95
1 5,70
1 5,76
1 5,52
1 3,12
1 2,94
1 3,01
1 3,49
1 2,69
1 3,26
1 2,56
1 3,04
1 2,92
1 2,18
SPMDv4_O3_native_56
1 0,54
1 1,24
1 2,80
0 59,97
1 0,25
1 0,66
1 0,71
1 0,47
1 0,00
0 59,87
0 52,33
0 52,28
0 52,35
0 52,30
0 52,40
0 52,34
0 52,31
0 52,31
0 52,35
0 52,31
SPMDv4_O3_native_60
0 58,90
0 58,38
0 58,32
0 58,45
0 58,09
0 58,37
0 58,22
0 58,31
0 58,17
0 58,30
0 51,27
0 50,97
0 51,00
0 51,21
0 51,52
0 51,26
0 52,50
0 51,67
0 51,57
0 51,25
SPMDv4_O3_native_64
0 55,68
0 55,78
0 55,94
0 56,10
0 55,69
0 55,83
0 55,74
0 55,71
0 55,59
0 55,64
0 47,27
0 47,16
0 47,51
0 47,18
0 47,16
0 47,11
0 47,19
0 47,24
0 47,17
0 47,26
SPMDv4_O3_1
39 45,82
39 41,16
39 41,00
39 42,01
39 41,66
39 40,51
39 42,52
39 40,58
39 41,53
39 41,55
SPMDv4_O3_2
20 13,36
20 13,77
20 13,67
20 13,77
20 24,75
20 12,85
20 13,45
20 13,88
20 12,61
20 20,26
SPMDv4_O3_4
10 21,21
10 20,68
10 20,69
10 24,09
10 20,72
10 20,75
10 20,83
10 20,72
10 21,09
10 20,83
SPMDv4_O3_8
5 17,73
5 17,76
5 17,72
5 17,81
5 17,75
5 17,75
5 17,73
5 18,11
5 17,75
5 17,72
SPMDv4_O3_12
3 39,16
3 38,84
3 38,88
3 38,93
3 39,14
3 39,00
3 38,73
3 39,01
3 38,99
3 38,85
SPMDv4_O3_16
2 48,52
2 48,62
2 49,18
2 48,78
2 48,09
2 48,59
2 48,68
2 48,68
2 48,72
2 48,52
SPMDv4_O3_20
2 17,62
2 17,51
2 17,71
2 17,70
2 17,75
2 18,72
2 17,64
2 17,50
2 17,60
2 17,58
SPMDv4_O3_24
1 55,61
1 55,60
1 56,44
1 55,84
1 57,34
1 55,61
1 55,41
1 55,75
1 55,86
1 55,90
SPMDv4_O3_28
1 41,82
1 41,87
1 41,97
1 41,86
1 41,65
1 41,69
1 41,82
1 42,04
1 41,68
1 41,92
SPMDv4_O3_32
1 26,50
1 26,56
1 26,48
1 26,58
1 26,63
1 26,56
1 26,46
1 26,63
1 26,63
1 26,48
SPMDv4_O3_36
1 20,72
1 20,49
1 20,84
1 21,01
1 20,49
1 20,92
1 22,75
1 21,57
1 20,45
1 20,87
SPMDv4_O3_40
1 10,89
1 10,77
1 10,99
1 10,76
1 10,74
1 10,76
1 10,72
1 10,65
1 10,78
1 10,71
SPMDv4_O3_44
1 10,48
1 11,24
1 10,63
1 10,68
1 10,78
1 11,34
1 10,38
1 10,27
1 10,41
1 10,50
SPMDv4_O3_48
1 0,05
1 0,20
1 0,00
1 0,08
1 0,29
1 0,02
1 0,21
0 59,98
1 0,01
0 59,92
SPMDv4_O3_52
1 3,79
1 2,79
1 3,02
1 3,50
1 3,29
1 2,44
1 3,15
1 4,09
1 3,00
1 2,67
SPMDv4_O3_56
1 23,92
1 8,87
0 52,11
0 52,19
0 52,15
0 52,38
0 52,26
0 52,15
0 52,24
0 52,16
SPMDv4_O3_60
0 57,82
0 56,67
0 56,40
0 56,87
0 56,73
0 56,39
0 56,94
0 56,46
0 56,29
0 55,85
SPMDv4_O3_64
0 54,52
0 53,88
0 53,85
0 54,06
0 53,54
0 53,82
0 53,88
0 53,78
0 53,56
0 53,77
SPMDv4_O2_1
39 48,76
39 48,32
39 48,79
39 47,36
39 47,79
39 46,88
39 47,93
39 48,20
39 49,82
SPMDv4_O2_2
20 18,74
20 18,12
20 18,03
20 18,15
20 18,16
20 17,77
20 17,74
20 17,37
20 17,84
20 18,19
SPMDv4_O2_4
10 22,47
10 22,44
10 22,42
10 22,80
10 22,41
10 28,11
10 22,48
10 22,51
10 22,40
10 22,84
SPMDv4_O2_8
5 18,67
5 18,66
5 18,64
5 18,65
5 19,37
5 18,61
5 18,62
5 18,55
5 18,64
5 19,11
SPMDv4_O2_12
3 39,85
3 40,48
3 39,70
3 39,58
3 39,53
3 39,52
3 41,50
3 39,68
3 40,14
3 47,20
SPMDv4_O2_16
3 25,69
3 25,12
3 25,26
3 25,99
3 24,81
3 25,18
3 24,79
3 25,61
3 25,77
3 24,59
SPMDv4_O2_20
2 47,07
2 47,07
2 46,54
2 47,11
2 46,36
2 47,07
2 46,70
2 47,05
2 46,78
2 47,20
SPMDv4_O2_24
2 18,90
2 19,29
2 19,13
2 18,88
2 19,67
2 19,89
2 19,35
2 5,93
1 56,09
1 55,96
SPMDv4_O2_28
1 42,04
1 42,05
1 42,29
1 42,17
1 42,16
1 42,10
1 42,37
1 42,21
1 42,28
1 42,93
SPMDv4_O2_32
1 26,53
1 26,51
1 26,74
1 26,74
1 26,70
1 26,59
1 26,52
1 26,64
1 26,98
1 26,64
SPMDv4_O2_36
1 20,97
1 22,50
1 21,26
1 21,00
1 20,77
1 21,10
1 21,55
1 21,20
1 20,57
1 20,34
SPMDv4_O2_40
1 10,93
1 11,05
1 10,94
1 15,47
1 22,25
1 25,12
1 24,83
1 24,05
1 24,96
1 24,28
SPMDv4_O2_44
1 23,06
1 23,82
1 22,89
1 23,38
1 23,89
1 15,81
1 15,63
1 10,36
1 10,44
1 10,73
SPMDv4_O2_48
1 8,37
1 8,49
1 8,16
1 7,58
1 7,89
1 8,05
1 11,62
1 11,95
1 10,50
1 7,94
SPMDv4_O2_52
1 10,84
1 10,52
1 11,00
1 13,39
1 14,39
1 13,70
1 13,57
1 13,15
1 13,74
1 13,64
SPMDv4_O2_56
1 2,24
1 2,34
1 2,28
1 1,96
1 2,24
1 2,40
1 2,02
1 2,19
1 2,21
1 2,15
SPMDv4_O2_60
1 0,49
0 59,43
1 0,08
0 59,72
0 59,80
0 59,64
0 59,61
1 0,14
0 59,70
0 59,89
SPMDv4_O2_64
0 55,85
0 55,67
0 55,97
SPMDv4_O3_native_128
0 39,71
0 39,76
0 39,31
0 38,32
0 38,82
0 38,61
0 38,38
0 39,00
SPMDv4_O3_128
1 42,36
1 41,73
1 46,24
1 47,87
1 48,19
SPMDv4_O2_128
2 7,93
2 13,47
2 10,17
2 8,62
2 18,41
2 5,93
SPMDv4_O2_256