DAC_O3_native_1
9 58,14
9 58,63
9 58,86
9 58,53
9 58,26
9 58,25
9 58,05
9 58,31
9 58,20
9 58,59
DAC_O3_native_2
5 5,67
5 5,75
5 5,72
5 5,76
5 5,72
5 5,71
5 5,74
5 5,72
5 5,60
5 5,81
DAC_O3_native_4
2 36,45
2 36,48
2 36,48
2 36,48
2 36,49
2 36,49
2 36,48
2 36,49
2 36,44
2 36,49
DAC_O3_native_8
1 18,84
1 18,92
1 18,84
1 18,88
1 18,85
1 19,04
1 18,89
1 18,90
1 19,05
1 18,83
DAC_O3_native_16
0 39,83
0 39,81
0 39,85
0 39,85
0 39,81
0 39,81
0 39,87
0 39,81
0 39,81
0 39,80
DAC_O3_native_32
0 20,57
0 20,61
0 20,54
0 20,58
0 20,54
0 20,57
0 20,60
0 20,52
0 20,60
0 20,57
DAC_O3_native_64
0 11,41
0 11,48
0 11,50
0 11,40
0 11,41
0 11,37
0 11,41
0 11,43
0 11,41
0 11,41
DAC_O3_1
8 43,77
8 43,43
8 43,48
8 44,88
8 43,71
8 43,69
8 43,98
8 43,76
8 43,60
8 43,67
DAC_O3_2
4 27,59
4 27,61
4 27,58
4 27,73
4 27,57
4 27,60
4 27,60
4 27,62
4 27,59
4 27,59
DAC_O3_4
2 16,98
2 17,01
2 16,98
2 16,99
2 17,02
2 16,98
2 17,01
2 16,99
2 16,99
2 17,04
DAC_O3_8
1 9,21
1 9,18
1 9,22
1 9,18
1 9,20
1 9,30
1 9,17
1 9,11
1 9,18
1 9,14
DAC_O3_16
0 34,95
0 34,94
0 35,03
0 34,94
0 35,04
0 34,97
0 34,88
0 34,93
0 34,99
0 34,93
DAC_O3_32
0 18,16
0 18,13
0 18,14
0 18,10
0 18,12
0 18,15
0 18,16
0 18,14
0 18,15
0 18,14
DAC_O3_64
0 10,25
0 10,23
0 10,16
0 10,22
0 10,19
0 10,20
0 10,20
0 10,17
0 10,21
0 10,24
DAC_O2_1
10 30,83
10 30,94
10 31,26
10 31,56
10 31,19
10 30,76
10 30,82
10 30,87
10 31,18
10 31,59
DAC_O2_2
5 22,51
5 22,36
5 22,39
5 22,44
5 22,40
5 22,40
5 22,49
5 22,34
5 22,48
5 22,59
DAC_O2_4
2 45,28
2 45,02
2 45,04
2 45,05
2 45,02
2 45,02
2 45,03
2 45,07
2 45,03
2 45,02
DAC_O2_8
1 23,15
1 23,13
1 23,15
1 23,14
1 23,16
1 23,12
1 23,12
1 23,16
1 23,18
1 23,14
DAC_O2_16
0 41,97
0 41,94
0 41,99
0 41,95
0 42,00
0 41,91
0 41,95
0 41,93
0 42,01
0 41,94
DAC_O2_32
0 21,70
0 21,57
0 21,61
0 21,63
0 21,59
0 21,63
0 21,65
0 21,60
0 21,70
0 21,62
DAC_O2_64
0 11,91
0 11,96
0 11,93
0 11,97
0 11,92
0 11,94
0 11,89
0 11,94
0 11,93
0 11,94
DAC_1
25 10,99
25 10,50
25 11,88
25 10,88
25 10,90
25 10,53
25 11,84
25 11,09
25 12,19
25 10,85
DAC_2
12 52,25
12 52,39
12 52,11
12 52,34
12 51,95
12 52,22
12 52,30
12 52,32
12 52,57
12 52,12
DAC_4
7 37,06
6 35,31
6 35,29
6 35,19
6 35,22
6 35,36
6 35,25
6 35,37
6 35,27
6 35,27
DAC_8
3 18,66
3 18,66
3 18,65
3 18,66
3 18,58
3 18,65
3 18,58
3 18,59
3 18,66
3 18,79
DAC_16
1 39,69
1 39,63
1 39,66
1 39,66
1 39,91
1 39,77
1 53,99
1 39,76
1 39,92
1 55,03
DAC_32
0 50,46
0 50,41
0 50,52
0 50,45
0 50,45
0 50,44
0 50,43
0 50,36
0 50,43
0 50,45
DAC_64
0 26,35
0 26,34
0 26,31
0 26,38
0 29,95
0 26,33
0 29,98
0 26,29
0 26,36
0 29,96
