SPMDv3_O3_native_1
17 27,30
17 28,15
17 27,99
17 27,56
17 28,11
17 27,76
17 27,25
17 28,03
17 27,81
17 27,85
SPMDv3_O3_native_2
8 54,91
8 55,24
14 22,19
9 1,81
8 54,82
9 1,84
8 55,12
8 54,95
8 58,42
8 54,78
SPMDv3_O3_native_4
4 34,24
4 34,41
4 34,53
4 34,21
4 34,17
4 37,74
4 35,41
4 34,20
4 34,25
4 34,18
SPMDv3_O3_native_8
3 32,80
3 31,39
3 32,05
3 31,38
3 31,77
3 31,70
3 31,50
3 30,74
3 31,66
3 30,47
SPMDv3_O3_native_12
2 28,96
2 28,53
2 28,87
2 28,87
2 28,42
2 28,62
2 28,27
2 28,23
2 29,06
2 28,33
SPMDv3_O3_native_16
1 57,36
1 56,45
1 56,33
1 56,47
1 56,54
1 56,44
1 56,44
1 54,61
1 56,52
1 56,47
SPMDv3_O3_native_20
1 36,65
1 36,04
1 36,21
1 36,28
1 36,16
1 36,36
1 36,58
1 36,29
1 36,27
1 36,25
SPMDv3_O3_native_24
1 20,79
1 20,98
1 20,90
1 21,02
1 20,57
1 20,57
1 20,01
1 20,52
1 21,04
1 20,69
SPMDv3_O3_native_28
1 12,20
1 12,68
1 12,33
1 12,38
1 11,10
1 12,26
1 12,34
1 12,24
1 12,57
1 12,35
SPMDv3_O3_native_32
1 0,84
1 0,66
1 0,61
1 0,15
1 0,97
1 0,57
1 1,13
1 0,06
1 0,17
1 0,66
SPMDv3_O3_native_36
0 57,54
0 56,89
0 57,63
0 57,60
0 56,59
0 57,37
0 57,19
0 57,16
0 57,38
0 57,45
SPMDv3_O3_native_40
0 49,64
0 49,57
0 49,44
0 49,41
0 49,34
0 49,28
0 49,36
0 49,84
0 49,63
0 49,36
SPMDv3_O3_native_44
0 51,52
0 51,30
0 51,30
0 51,25
0 51,24
0 51,24
0 51,29
0 51,17
0 51,28
0 51,51
SPMDv3_O3_native_48
0 42,19
0 42,36
0 42,19
0 42,15
0 42,24
0 42,06
0 42,21
0 42,17
0 42,24
0 42,34
SPMDv3_O3_native_52
0 46,43
0 46,68
0 46,45
0 46,42
0 46,02
0 46,23
0 45,75
0 46,25
0 46,30
0 46,06
SPMDv3_O3_native_56
0 36,86
0 36,57
0 36,49
0 36,69
0 36,37
0 36,68
0 36,66
0 36,57
0 36,73
0 36,77
SPMDv3_O3_native_60
0 37,41
0 36,13
0 35,07
0 35,73
0 34,98
0 36,06
0 39,53
0 35,80
0 35,36
0 35,42
SPMDv3_O3_native_64
0 33,63
0 34,48
0 34,21
0 33,59
0 33,30
0 33,16
0 33,22
0 34,97
0 34,20
0 33,31
SPMDv3_O3_1
17 16,09
17 17,53
17 16,81
17 16,41
17 16,30
17 16,42
17 17,47
17 16,42
17 38,00
17 17,66
SPMDv3_O3_2
8 48,44
8 48,60
8 48,68
8 48,64
8 49,01
8 48,88
8 55,01
8 48,31
8 48,61
8 48,83
SPMDv3_O3_4
4 30,69
4 30,80
4 31,16
4 30,76
4 30,56
4 30,61
4 30,68
4 30,60
4 30,58
4 30,64
SPMDv3_O3_8
3 29,01
3 29,80
3 29,82
3 29,45
3 30,18
3 29,33
3 29,77
3 28,89
3 30,02
3 29,30
SPMDv3_O3_12
2 26,92
2 26,51
2 26,48
2 26,95
2 26,21
2 26,99
2 26,91
2 27,08
2 26,90
2 26,88
SPMDv3_O3_16
1 55,67
1 55,51
1 55,55
1 55,58
1 55,45
1 55,31
1 55,56
1 55,39
1 55,65
1 55,68
SPMDv3_O3_20
1 35,08
1 35,07
1 35,18
1 35,23
1 33,78
1 35,30
1 35,21
1 35,17
1 35,30
1 35,38
SPMDv3_O3_24
1 19,66
1 17,96
1 19,70
1 19,71
1 20,19
1 18,12
1 20,65
1 20,00
1 18,69
1 18,15
SPMDv3_O3_28
1 11,61
1 11,73
1 11,62
1 11,68
1 11,70
1 11,68
1 11,84
1 11,91
1 11,73
1 11,66
SPMDv3_O3_32
0 59,68
0 59,91
0 59,70
0 59,72
0 59,70
0 59,69
0 59,73
0 59,83
0 59,66
0 59,75
SPMDv3_O3_36
0 55,53
0 55,56
0 54,99
0 55,55
0 54,73
0 54,12
0 55,91
0 55,18
0 55,67
0 55,00
SPMDv3_O3_40
0 48,78
0 48,73
0 48,64
0 48,71
0 48,76
0 48,50
0 48,68
0 48,78
0 48,72
0 48,89
SPMDv3_O3_44
0 51,02
0 50,93
0 51,19
0 50,94
0 51,00
0 51,00
0 51,25
0 51,62
0 50,77
0 50,86
SPMDv3_O3_48
0 41,29
0 41,90
0 41,40
0 41,27
0 41,57
0 41,51
0 41,70
0 41,49
0 41,61
0 41,53
SPMDv3_O3_52
0 46,09
0 46,37
0 46,03
0 45,66
0 46,84
0 46,26
0 45,92
0 45,81
0 46,03
0 45,64
SPMDv3_O3_56
0 36,49
0 36,45
0 36,30
0 36,42
0 36,25
0 36,35
0 36,52
0 36,50
0 36,27
0 36,55
SPMDv3_O3_60
0 36,16
0 35,67
0 35,17
0 35,47
0 34,51
0 37,52
0 35,88
0 35,23
0 34,96
0 35,13
SPMDv3_O3_64
0 32,86
0 35,80
0 33,85
0 33,42
0 32,92
0 32,95
0 32,95
0 35,60
0 33,99
0 33,45
SPMDv3_O2_1
17 26,60
17 27,10
17 27,18
17 26,46
17 26,41
17 26,90
17 26,25
17 27,20
17 27,31
17 27,74
SPMDv3_O2_2
8 54,48
8 54,39
8 54,14
8 54,57
8 54,22
8 54,30
8 54,51
8 54,17
8 54,80
8 54,65
SPMDv3_O2_4
4 34,07
4 33,98
4 33,96
4 34,16
4 34,06
4 34,08
4 34,07
4 34,03
4 34,04
4 34,00
SPMDv3_O2_8
3 29,11
3 29,83
3 28,66
3 28,05
3 29,91
3 29,95
3 28,32
3 29,93
3 30,01
3 29,67
SPMDv3_O2_12
2 26,47
2 26,72
2 26,84
2 25,99
2 26,71
2 27,14
2 26,82
2 26,85
2 24,88
2 27,07
SPMDv3_O2_16
1 55,55
1 55,12
1 55,38
1 55,63
1 55,41
1 55,35
1 55,41
1 55,51
1 55,52
1 55,53
SPMDv3_O2_20
1 34,91
1 35,38
1 34,63
1 35,12
1 35,20
1 35,30
1 35,18
1 35,12
1 35,27
1 35,14
SPMDv3_O2_24
1 20,78
1 20,10
1 20,62
1 17,82
1 20,20
1 20,58
1 19,95
1 20,69
1 19,44
1 20,43
SPMDv3_O2_28
1 11,75
1 11,74
1 10,77
1 11,69
1 16,22
1 11,65
1 11,69
1 11,64
1 11,81
1 11,76
SPMDv3_O2_32
0 59,85
0 59,81
0 59,54
0 59,66
0 59,86
0 59,66
0 59,69
0 59,71
0 59,50
0 59,53
SPMDv3_O2_36
0 55,88
0 55,00
0 55,45
0 55,69
0 54,35
0 55,35
0 55,53
0 55,34
0 55,46
0 55,60
SPMDv3_O2_40
0 48,87
0 48,82
0 49,02
0 48,56
0 48,62
0 48,65
0 48,66
0 48,77
0 48,40
0 48,40
SPMDv3_O2_44
0 50,91
0 51,10
0 50,78
0 50,93
0 51,22
0 51,00
0 51,17
0 50,93
0 50,79
0 50,93
SPMDv3_O2_48
0 42,52
0 41,60
0 42,31
0 41,15
0 42,41
0 41,75
0 41,55
0 41,64
0 41,73
0 42,06
SPMDv3_O2_52
0 45,98
0 46,04
0 45,81
0 45,89
0 45,94
0 45,98
0 46,01
0 46,19
0 46,24
0 46,13
SPMDv3_O2_56
0 36,66
0 36,25
0 36,47
0 36,18
0 36,44
0 36,32
0 36,48
0 36,46
0 36,84
0 36,74
SPMDv3_O2_60
0 36,58
0 35,02
0 35,56
0 34,45
0 34,85
0 35,18
0 34,84
0 35,05
0 35,19
0 35,04
SPMDv3_O2_64
0 32,85
0 32,77
0 32,99
0 32,91
0 32,92
0 33,00
0 33,03
0 32,99
0 33,10
0 33,04
SPMDv3_O3_native_1
17 25,66
17 24,41
17 25,61
17 26,09
17 24,46
17 25,62
17 25,17
17 25,09
17 25,39
17 25,38
SPMDv3_O3_native_2
8 54,34
8 54,49
8 54,53
8 54,50
8 54,42
8 54,56
8 54,88
8 54,34
8 54,48
8 54,59
SPMDv3_O3_native_4
4 37,23
4 34,32
4 34,38
4 34,33
4 34,33
4 34,95
4 36,32
4 34,32
4 34,39
4 34,24
SPMDv3_O3_native_8
2 24,97
2 24,49
2 24,42
2 24,34
2 24,34
2 24,48
2 24,43
2 24,34
2 24,49
2 24,39
SPMDv3_O3_native_12
1 42,97
1 42,60
1 42,63
1 42,38
1 42,77
1 42,70
1 42,51
1 42,71
1 43,77
1 42,73
SPMDv3_O3_native_16
1 22,24
1 22,00
1 21,74
1 22,00
1 22,10
1 21,98
1 22,03
1 21,84
1 21,86
1 21,81
SPMDv3_O3_native_20
1 8,13
1 8,19
1 8,30
1 8,10
1 8,24
1 8,27
1 8,26
1 8,76
1 8,39
1 8,29
SPMDv3_O3_native_24
0 58,28
0 58,44
0 57,89
0 58,38
0 57,89
0 58,26
0 57,88
0 57,96
0 58,53
0 58,39
SPMDv3_O3_native_28
0 52,62
0 53,12
0 52,61
0 52,58
0 52,53
0 53,18
0 52,59
0 53,21
0 52,68
0 53,03
SPMDv3_O3_native_32
0 42,87
0 43,36
0 42,96
0 42,94
0 42,89
0 43,29
0 42,89
0 42,98
0 42,92
0 43,58
SPMDv3_O3_native_36
0 43,23
0 44,90
0 43,69
0 46,05
0 44,16
0 43,51
0 43,50
0 44,18
0 43,92
0 43,15
SPMDv3_O3_native_40
0 36,43
0 36,40
0 35,95
0 35,98
0 36,14
0 36,61
0 35,96
0 35,95
0 37,00
0 36,18
SPMDv3_O3_native_44
0 39,21
0 39,17
0 39,21
0 40,29
0 39,24
0 39,84
0 39,55
0 39,69
0 40,05
0 39,40
SPMDv3_O3_native_48
0 31,16
0 31,04
0 31,04
0 31,15
0 31,04
0 31,23
0 31,12
0 31,00
0 31,08
0 31,34
SPMDv3_O3_native_52
0 37,39
0 35,89
0 35,82
0 36,12
0 36,17
0 36,29
0 36,59
0 36,42
0 36,17
0 35,68
SPMDv3_O3_native_56
0 27,66
0 27,53
0 27,52
0 27,56
0 27,59
0 27,59
0 27,60
0 27,57
0 27,65
0 27,56
SPMDv3_O3_native_60
0 28,67
0 27,88
0 28,20
0 28,68
0 28,28
0 28,30
0 27,78
0 27,25
0 28,75
0 27,61
SPMDv3_O3_native_64
0 25,35
0 25,32
0 25,31
0 25,46
0 25,38
0 25,39
0 25,35
0 25,37
0 25,40
0 25,31
SPMDv3_O3_1
17 15,30
17 14,24
17 14,49
17 13,94
17 15,51
17 14,30
17 13,81
17 14,70
17 14,05
17 14,34
SPMDv3_O3_2
8 48,33
8 48,35
8 48,68
8 48,52
8 48,33
8 48,46
8 48,30
8 48,34
8 48,66
8 48,49
SPMDv3_O3_4
4 30,62
4 33,27
4 30,69
4 30,59
4 30,65
4 30,57
4 30,79
4 30,74
4 32,35
4 30,65
SPMDv3_O3_8
2 22,59
2 24,80
2 22,63
2 22,60
2 22,65
2 22,66
2 22,60
2 22,60
2 22,66
2 22,59
SPMDv3_O3_12
1 41,95
1 41,25
1 41,41
1 41,47
1 41,50
1 41,16
1 41,72
1 42,02
1 41,56
1 41,77
SPMDv3_O3_16
1 21,08
1 21,02
1 20,49
1 20,94
1 21,06
1 21,07
1 21,07
1 21,00
1 21,05
1 20,96
SPMDv3_O3_20
1 8,28
1 7,60
1 7,78
1 7,50
1 7,57
1 9,07
1 7,69
1 7,68
1 7,59
1 7,53
SPMDv3_O3_24
0 57,94
0 58,15
0 58,12
0 57,78
0 57,99
0 58,41
0 57,74
0 57,57
0 57,31
0 57,99
SPMDv3_O3_28
0 52,33
0 51,99
0 52,13
0 52,16
0 52,10
0 52,53
0 52,18
0 52,08
0 52,17
0 52,09
SPMDv3_O3_32
0 43,06
0 42,70
0 42,87
0 42,67
0 42,73
0 42,61
0 42,64
0 42,60
0 42,89
0 42,54
SPMDv3_O3_36
0 44,00
0 42,48
0 43,25
0 42,72
0 43,28
0 56,77
0 42,43
0 42,51
0 43,22
0 43,02
SPMDv3_O3_40
0 36,30
0 36,08
0 36,41
0 35,64
0 36,55
0 36,04
0 35,56
0 36,48
0 36,30
0 36,06
SPMDv3_O3_44
0 39,06
0 39,27
0 39,20
0 39,35
0 38,97
0 38,64
0 38,86
0 39,46
0 39,07
0 38,73
SPMDv3_O3_48
0 30,74
0 30,97
0 30,73
0 30,78
0 30,85
0 30,79
0 34,39
0 31,10
0 30,85
0 30,91
SPMDv3_O3_52
0 36,34
0 36,49
0 36,50
0 36,10
0 35,99
0 35,35
0 35,87
0 35,89
0 35,62
0 36,34
SPMDv3_O3_56
0 27,35
0 27,39
0 27,33
0 27,42
0 27,29
0 27,34
0 27,34
0 27,33
0 27,35
0 27,34
SPMDv3_O3_60
0 27,90
0 28,04
0 27,82
0 26,86
0 27,80
0 28,52
0 27,18
0 27,83
0 27,64
0 27,65
SPMDv3_O3_64
0 25,14
0 25,56
0 25,25
0 25,24
0 25,29
0 25,10
0 25,12
0 25,17
0 25,15
0 25,09
SPMDv3_O2_1
17 24,73
17 25,29
17 24,62
17 25,06
17 25,82
17 25,29
17 24,75
17 25,41
17 24,97
17 25,01
SPMDv3_O2_2
8 54,19
8 54,26
8 54,45
8 54,37
9 0,16
8 54,30
8 54,33
8 54,16
8 54,50
8 54,22
SPMDv3_O2_4
4 33,99
4 34,22
4 34,78
4 34,03
4 34,11
4 34,04
4 33,95
4 34,01
4 33,99
4 33,99
SPMDv3_O2_8
2 24,29
2 24,29
2 24,43
2 24,39
2 24,31
2 24,26
2 24,27
2 24,31
2 24,24
3 43,51
SPMDv3_O2_12
1 42,52
1 42,45
1 42,67
1 42,95
1 42,73
1 44,19
1 42,69
1 43,37
1 42,70
1 42,48
SPMDv3_O2_16
1 21,94
1 22,35
1 21,81
1 22,41
1 21,97
1 21,87
1 21,66
1 22,51
1 22,12
1 21,97
SPMDv3_O2_20
1 8,24
1 8,19
1 8,31
1 8,22
1 8,14
1 8,33
1 8,20
1 8,22
1 8,23
1 8,18
SPMDv3_O2_24
0 58,16
0 58,88
0 58,81
0 58,01
0 59,05
0 58,83
0 58,04
0 58,23
0 58,48
1 20,72
SPMDv3_O2_28
0 52,80
0 55,66
0 52,93
0 52,88
0 52,63
0 52,49
0 52,78
0 52,77
0 52,72
0 52,46
SPMDv3_O2_32
0 42,88
0 43,00
0 42,91
0 43,14
0 43,14
0 43,19
0 43,19
0 42,93
0 42,92
0 42,99
SPMDv3_O2_36
0 42,94
0 43,22
0 44,26
0 43,71
0 43,87
0 43,56
0 43,23
0 42,73
0 43,04
0 43,19
SPMDv3_O2_40
0 36,87
0 36,56
0 36,45
0 36,16
0 36,47
0 36,37
0 36,52
0 36,31
0 46,78
0 36,52
SPMDv3_O2_44
0 39,89
0 40,31
0 39,89
0 39,54
0 40,53
0 40,30
0 39,84
0 38,89
0 39,51
0 39,30
SPMDv3_O2_48
0 31,04
0 31,29
0 31,04
0 31,35
0 31,29
0 31,12
0 31,07
0 30,94
0 31,09
0 31,06
SPMDv3_O2_52
0 35,58
0 36,12
0 36,02
0 36,36
0 35,76
0 35,95
0 35,72
0 36,30
0 36,27
0 36,69
SPMDv3_O2_56
0 27,96
0 27,48
0 27,51
0 27,53
0 27,51
0 27,57
0 27,58
0 27,69
0 27,59
0 27,56
SPMDv3_O2_60
0 27,54
0 27,78
0 27,74
0 28,62
0 29,46
0 30,35
0 27,96
0 27,42
0 27,70
0 27,84
SPMDv3_O2_64
0 25,27
0 25,28
0 25,37
0 25,36
0 25,32
0 25,45
0 25,29
0 25,34
0 25,50
0 25,34
SPMDv3_52
14 20,21
14 17,90
12 37,33
15 27,73
13 19,90
15 27,71
13 35,20
13 41,27
15 26,98
14 19,34
SPMDv3_56
12 30,60
12 32,88
11 32,97
14 12,24
12 38,95
12 32,14
11 38,13
14 12,90
11 32,77
12 39,48
SPMDv3_60
10 53,15
11 49,47
12 30,00
11 53,14
11 53,51
12 27,21
11 51,32
11 31,29
11 53,31
11 49,65
SPMDv3_64
11 5,26
10 16,77
12 32,86
12 33,27
11 34,22
12 31,68
11 41,92
11 41,55
11 36,84
10 17,78
SPMDv3_8
1h 20 31
1h 21 21
1h 32 45
1h 20 30
1h 20 53
1h 20 31
1h 20 30
1h 20 30
1h 20 31
1h 20 58
SPMDv3_4
2h 40 47
2h 40 46
2h 40 46
2h 40 46
2h 40 46
2h 40 47
2h 42 30
2h 40 46
2h 40 46
2h 40 47
SPMDv3_2
5h 14 01
5h 14 05
5h 14 03
5h 14 03
5h 14 02
5h 14 01
5h 14 02
5h 14 01
5h 13 59
5h 14 01
SPMDv3_1
10h 15 43
10h 15 47
10h 15 49
SPMDv3_12
1h 6 16
53 51,23
53 39,46
1h 6 19
53 47,19
53 40,49
53 40,28
53 55,49
53 45,10
58 54,05
SPMDv3_16
40 26,52
49 56,41
46 11,47
40 25,56
40 35,54
46 15,91
40 25,14
40 26,42
40 25,91
43 59,92
SPMDv3_20
39 58,59
37 16,81
36 57,36
32 27,89
32 24,70
36 57,05
37 2,47
32 31,55
32 29,97
37 15,82
SPMDv3_24
29 19,62
26 56,15
27 3,04
30 57,56
33 12,21
26 58,72
26 57,13
29 18,34
30 46,09
30 59,34
SPMDv3_28
28 24,39
26 15,64
23 2,70
23 1,00
25 4,83
25 2,35
25 2,21
23 2,46
23 3,06
25 15,60
SPMDv3_32
24 57,48
22 11,76
20 17,79
20 16,90
25 0,04
20 20,41
20 15,95
22 12,30
20 20,89
21 25,55
SPMDv3_36
19 5,17
18 3,77
19 33,80
19 36,37
22 11,17
18 2,07
22 10,11
18 1,04
19 45,80
18 3,78
SPMDv3_40
18 39,35
18 32,11
17 40,29
16 16,03
16 16,96
16 15,26
18 39,54
16 15,73
16 15,12
16 14,46
SPMDv3_44
16 45,87
14 51,13
16 45,54
18 7,59
14 47,06
18 6,39
16 47,84
15 59,09
15 36,10
14 43,30
SPMDv3_48
13 34,22
14 49,55
13 33,54
15 33,89
14 21,96
15 35,35
15 27,39
15 32,14
14 45,49
13 36,33
SPMDv3_1
10 15 57
11 46 03
10 16 22
10 16 19
10 16 07
10 16 42
10 22 25
