SPMD_O3_native_1
0 44,67
0 44,43
0 45,17
0 44,24
0 45,24
0 44,71
0 44,57
0 44,49
0 45,42
0 45,24
SPMD_O3_native_2
0 41,30
0 41,56
0 41,19
0 41,51
0 41,51
0 41,45
0 41,59
0 41,50
0 41,34
0 41,60
SPMD_O3_native_4
0 38,23
0 38,24
0 38,31
0 38,25
0 38,20
0 38,39
0 38,36
0 38,30
0 38,41
0 38,22
SPMD_O3_native_8
0 22,51
0 22,40
0 22,28
0 22,48
0 22,48
0 22,31
0 22,36
0 22,37
0 22,66
0 22,35
SPMD_O3_native_12
0 21,50
0 21,81
0 21,60
0 21,81
0 22,17
0 21,73
0 21,36
0 21,74
0 21,07
0 21,58
SPMD_O3_native_16
0 19,02
0 18,59
0 18,76
0 18,77
0 18,65
0 18,45
0 18,77
0 19,18
0 18,55
0 18,50
SPMD_O3_native_20
0 17,71
0 17,38
0 17,37
0 17,41
0 17,27
0 17,32
0 17,83
0 17,37
0 17,56
0 17,42
SPMD_O3_native_24
0 16,32
0 16,44
0 16,79
0 17,05
0 16,72
0 16,99
0 16,98
0 16,42
0 16,90
0 16,59
SPMD_O3_native_28
0 16,45
0 16,42
0 16,86
0 16,63
0 16,80
0 16,47
0 16,52
0 16,45
0 16,52
0 16,39
SPMD_O3_native_32
0 11,68
0 11,68
0 11,62
0 11,68
0 11,56
0 11,65
0 11,63
0 11,69
0 11,66
0 11,57
SPMD_O3_native_36
0 14,77
0 14,59
0 14,65
0 14,97
0 15,03
0 15,23
0 15,86
0 14,53
0 14,63
0 14,79
SPMD_O3_native_40
0 10,71
0 10,83
0 10,94
0 10,75
0 10,83
0 10,85
0 10,94
0 11,08
0 11,07
0 10,80
SPMD_O3_native_44
0 16,66
0 16,47
0 16,43
0 17,15
0 16,49
0 16,69
0 16,42
0 16,46
0 16,32
0 16,55
SPMD_O3_native_48
0 10,08
0 10,23
0 10,05
0 10,01
0 10,07
0 10,28
0 10,05
0 10,10
0 10,12
0 10,08
SPMD_O3_native_52
0 17,12
0 16,96
0 17,05
0 16,70
0 16,69
0 16,99
0 17,09
0 17,31
0 17,07
0 16,85
SPMD_O3_native_56
0 9,63
0 9,63
0 9,72
0 9,73
0 9,68
0 9,74
0 9,65
0 9,67
0 9,64
0 9,66
SPMD_O3_native_60
0 10,63
0 10,73
0 10,48
0 11,03
0 11,29
0 11,07
0 10,86
0 11,42
0 11,00
0 11,88
SPMD_O3_native_64
0 9,47
0 9,42
0 9,51
0 9,51
0 9,50
0 9,54
0 9,47
0 9,49
0 9,50
0 9,45
SPMD_O3_1
0 44,80
0 44,88
0 44,82
0 44,94
0 44,91
0 45,26
0 45,61
0 45,55
0 45,54
0 45,51
SPMD_O3_2
0 40,63
0 40,48
0 40,72
0 40,58
0 40,53
0 40,33
0 40,68
0 40,63
0 40,63
0 40,38
SPMD_O3_4
0 37,49
0 37,41
0 37,69
0 37,60
0 37,50
0 37,59
0 37,60
0 37,62
0 37,76
0 37,60
SPMD_O3_8
0 22,00
0 22,30
0 22,23
0 22,03
0 22,26
0 22,03
0 22,31
0 22,05
0 22,13
0 22,17
SPMD_O3_12
0 22,26
0 21,72
0 21,86
0 21,44
0 21,56
0 21,92
0 21,54
0 21,62
0 21,55
0 21,40
SPMD_O3_16
0 18,54
0 19,11
0 18,87
0 18,81
0 18,90
0 19,14
0 19,11
0 18,97
0 18,50
0 18,94
SPMD_O3_20
0 17,65
0 17,26
0 17,54
0 17,36
0 17,33
0 17,32
0 17,59
0 17,47
0 17,28
0 17,36
SPMD_O3_24
0 16,53
0 16,64
0 17,20
0 16,32
0 16,26
0 16,71
0 17,03
0 16,23
0 16,68
0 16,53
SPMD_O3_28
0 16,67
0 16,65
0 16,32
0 16,40
0 16,70
0 16,43
0 16,34
0 16,76
0 16,56
0 16,63
SPMD_O3_32
0 11,45
0 11,53
0 11,44
0 11,40
0 11,52
0 11,48
0 11,31
0 11,49
0 11,46
0 11,44
SPMD_O3_36
0 15,31
0 14,80
0 15,34
0 15,55
0 14,20
0 15,44
0 15,09
0 14,36
0 14,10
0 15,26
SPMD_O3_40
0 10,82
0 10,60
0 10,68
0 10,50
0 10,87
0 10,74
0 10,83
0 10,67
0 10,66
0 10,69
SPMD_O3_44
0 16,46
0 16,47
0 16,65
0 16,54
0 16,76
0 16,32
0 16,58
0 16,20
0 17,41
0 16,67
SPMD_O3_48
0 9,87
0 9,96
0 9,93
0 9,91
0 9,99
0 9,84
0 9,96
0 9,98
0 10,14
0 9,95
SPMD_O3_52
0 16,84
0 16,99
0 16,87
0 16,81
0 17,13
0 17,15
0 16,68
0 16,86
0 16,49
0 16,83
SPMD_O3_56
0 9,60
0 9,56
0 9,58
0 9,58
0 9,65
0 9,60
0 9,56
0 9,57
0 9,61
0 9,60
SPMD_O3_60
0 10,97
0 10,36
0 10,44
0 10,95
0 10,52
0 10,92
0 10,25
0 10,51
0 10,72
0 10,40
SPMD_O3_64
0 9,40
0 9,37
0 9,36
0 9,42
0 9,39
0 9,38
0 9,43
0 9,39
0 9,36
0 9,43
SPMD_O2_1
2 1,07
2 1,05
2 0,91
2 0,96
2 1,14
2 0,98
2 1,06
2 1,13
2 0,87
2 1,01
SPMD_O2_2
1 4,82
1 4,95
1 21,64
1 4,85
1 4,77
1 4,80
1 5,39
1 4,82
1 19,47
1 4,73
SPMD_O2_4
0 46,28
0 47,13
0 47,19
0 46,61
0 41,32
0 47,59
0 41,29
0 41,37
0 41,21
0 41,24
SPMD_O2_8
0 26,86
0 26,74
0 26,65
0 26,86
0 26,74
0 26,71
0 26,67
0 26,48
0 26,36
0 29,90
SPMD_O2_12
0 23,36
0 23,03
0 23,32
0 23,25
0 23,38
0 23,26
0 23,33
0 23,19
0 23,65
0 23,04
SPMD_O2_16
0 22,01
0 22,26
0 21,91
0 22,08
0 21,36
0 22,36
0 22,09
0 22,18
0 22,13
0 23,63
SPMD_O2_20
0 20,52
0 20,36
0 20,29
0 20,50
0 20,48
0 20,43
0 20,36
0 20,15
0 20,69
0 20,41
SPMD_O2_24
0 18,10
0 18,42
0 19,15
0 18,67
0 17,97
0 18,84
0 18,45
0 18,54
0 19,70
0 19,48
SPMD_O2_28
0 18,81
0 18,45
0 19,01
0 18,75
0 18,84
0 18,83
0 18,61
0 18,60
0 18,65
0 18,63
SPMD_O2_32
0 12,96
0 13,14
0 13,04
0 13,18
0 13,13
0 13,11
0 14,36
0 13,38
0 13,07
0 13,16
SPMD_O2_36
0 15,78
0 17,82
0 17,03
0 16,16
0 16,71
0 16,89
0 17,75
0 16,74
0 18,18
0 16,70
SPMD_O2_40
0 12,22
0 11,96
0 12,23
0 12,68
0 12,52
0 12,17
0 12,28
0 12,00
0 12,21
0 12,00
SPMD_O2_44
0 18,23
0 17,54
0 17,88
0 17,68
0 17,68
0 17,97
0 17,19
0 18,31
0 17,50
0 17,57
SPMD_O2_48
0 11,10
0 11,20
0 11,31
0 11,36
0 11,16
0 11,13
0 11,10
0 11,18
0 11,10
0 11,18
SPMD_O2_52
0 18,01
0 18,31
0 17,93
0 17,69
0 18,01
0 17,88
0 17,38
0 17,49
0 17,64
0 17,61
SPMD_O2_56
0 10,65
0 10,65
0 10,61
0 10,63
0 10,68
0 10,58
0 10,67
0 10,62
0 10,65
0 10,82
SPMD_O2_60
0 11,60
0 12,48
0 12,32
0 12,43
0 12,25
0 12,23
0 11,95
0 12,19
0 11,48
0 11,48
SPMD_O2_64
0 10,35
0 10,39
0 10,39
0 10,34
0 10,58
0 10,49
0 10,44
0 10,49
0 10,38
0 10,42
SPMD_1
8 16,66
8 16,79
8 16,59
8 16,83
8 17,02
8 16,59
8 16,69
8 16,64
8 16,59
8 16,58
SPMD_2
4 30,48
4 15,20
4 15,24
4 15,24
4 17,38
4 15,30
4 15,30
4 15,25
4 15,27
4 15,19
SPMD_4
2 11,09
2 11,08
2 10,98
2 21,24
2 11,04
2 10,95
2 13,40
2 11,00
2 11,10
2 29,37
SPMD_8
1 13,82
1 17,81
1 17,83
1 13,88
1 12,65
1 12,78
1 12,63
1 12,66
1 13,30
1 12,70
SPMD_12
0 55,24
0 55,11
0 55,28
0 55,28
0 55,46
0 55,25
0 55,26
0 56,73
0 55,25
0 55,42
SPMD_16
0 46,29
0 46,39
0 50,10
0 46,23
0 46,38
0 46,70
0 48,00
0 46,91
0 46,32
0 46,20
SPMD_20
0 39,66
0 40,45
0 39,76
0 39,66
0 39,78
0 41,58
0 39,75
0 39,86
0 39,94
0 39,75
SPMD_24
0 35,27
0 35,21
0 34,19
0 34,96
0 35,50
0 33,78
0 35,16
0 34,65
0 34,47
0 34,92
SPMD_28
0 32,33
0 32,40
0 32,66
0 32,59
0 32,78
0 32,23
0 32,44
0 32,47
0 32,69
0 32,58
SPMD_32
0 25,13
0 25,14
0 25,40
0 27,25
0 48,30
0 25,09
0 25,91
0 27,74
0 25,14
0 25,24
SPMD_36
0 26,80
0 28,63
0 26,82
0 27,27
0 28,19
0 27,05
0 26,65
0 27,52
0 28,24
0 26,85
SPMD_40
0 22,46
0 21,60
0 22,09
0 21,93
0 22,01
0 22,25
0 22,88
0 22,11
0 22,60
0 21,70
SPMD_44
0 26,89
0 26,78
0 26,22
0 27,94
0 26,13
0 26,01
0 26,25
0 27,16
0 26,20
0 26,22
SPMD_48
0 19,33
0 19,20
0 19,17
0 19,34
0 19,29
0 19,31
0 19,16
0 19,40
0 19,21
0 19,16
SPMD_52
0 25,78
0 25,05
0 25,41
0 25,00
0 24,47
0 24,40
0 25,13
0 24,78
0 25,08
0 25,12
SPMD_56
0 18,01
0 18,08
0 17,58
0 17,82
0 17,75
0 17,47
0 17,57
0 17,48
0 17,41
0 17,46
SPMD_60
0 18,60
0 18,49
0 18,75
0 18,04
0 18,71
0 18,00
0 18,31
0 17,60
0 18,92
0 18,76
SPMD_64
0 16,57
0 17,00
0 16,40
0 16,80
0 16,95
0 16,44
0 16,53
0 16,58
0 16,43
0 16,81
