DAC_O3_native_1
9 58,30
9 58,20
9 58,10
9 58,26
9 58,51
9 58,33
9 58,60
9 58,49
9 58,28
9 58,22
DAC_O3_native_2
5 5,72
5 5,73
5 5,79
5 5,76
5 5,79
5 5,67
5 5,84
5 5,75
5 5,64
5 5,97
DAC_O3_native_4
2 36,48
2 36,48
2 36,48
2 36,52
2 36,54
2 36,50
2 36,50
2 36,53
2 36,49
2 36,47
DAC_O3_native_8
1 18,86
1 18,80
1 18,82
1 18,86
1 18,79
1 18,83
1 18,80
1 18,79
1 18,80
1 18,79
DAC_O3_native_16
0 39,85
0 39,81
0 39,83
0 39,78
0 39,83
0 39,77
0 39,87
0 39,76
0 39,78
0 39,85
DAC_O3_native_32
0 20,57
0 20,52
0 20,54
0 20,53
0 20,61
0 20,61
0 20,50
0 20,49
0 20,58
0 20,53
DAC_O3_native_64
0 11,38
0 11,42
0 11,39
0 11,43
0 11,39
0 11,40
0 11,34
0 11,40
0 11,40
0 11,43
DAC_O3_1
8 44,07
8 43,74
8 43,73
8 43,95
8 43,96
8 43,74
8 43,66
8 43,94
8 43,79
8 43,97
DAC_O3_2
4 27,73
4 27,77
4 27,79
4 27,67
4 27,65
4 27,59
4 27,62
4 27,66
4 27,68
4 27,72
DAC_O3_4
2 17,09
2 17,11
2 17,06
2 17,14
2 17,08
2 17,10
2 17,08
2 17,05
2 17,10
2 17,07
DAC_O3_8
1 9,10
1 9,11
1 9,13
1 9,09
1 9,13
1 9,10
1 9,10
1 9,09
1 9,13
1 9,10
DAC_O3_16
0 35,06
0 35,00
0 34,91
0 34,91
0 34,94
0 34,93
0 34,89
0 34,89
0 34,91
0 34,97
DAC_O3_32
0 18,14
0 18,08
0 18,14
0 18,12
0 18,08
0 18,09
0 18,14
0 18,08
0 18,13
0 18,20
DAC_O3_64
0 10,14
0 10,11
0 10,20
0 10,18
0 10,21
0 10,14
0 10,18
0 10,16
0 10,27
0 10,17
DAC_O2_1
10 31,11
10 31,16
10 31,01
10 30,99
10 31,12
10 30,95
10 30,93
10 30,97
10 30,92
10 30,96
DAC_O2_2
5 22,40
5 22,44
5 22,47
5 22,46
5 22,38
5 22,47
5 22,47
5 22,44
5 22,37
5 22,55
DAC_O2_4
2 45,09
2 45,11
2 45,09
2 45,10
2 45,07
2 45,06
2 45,10
2 45,08
2 45,07
2 45,05
DAC_O2_8
1 23,10
1 23,13
1 23,15
1 23,09
1 23,08
1 23,14
1 23,07
1 23,09
1 23,10
1 23,10
DAC_O2_16
0 41,91
0 41,92
0 41,88
0 41,93
0 41,95
0 41,92
0 41,90
0 42,05
0 41,93
0 42,08
DAC_O2_32
0 21,62
0 21,62
0 21,69
0 21,62
0 21,62
0 21,59
0 21,70
0 21,65
0 21,64
0 21,63
DAC_O2_64
0 11,99
0 11,91
0 12,01
0 11,94
0 12,00
0 11,89
0 11,92
0 11,94
0 11,93
0 11,92
DAC_1
25 10,90
25 10,35
25 11,20
25 10,82
25 10,58
25 10,96
25 11,15
25 10,32
25 10,28
25 10,25
DAC_2
12 52,25
12 52,25
12 51,69
12 52,09
12 52,20
12 52,00
12 51,67
12 52,32
12 52,56
12 52,19
DAC_4
6 35,30
6 35,25
6 35,30
6 35,30
6 35,25
6 35,25
6 35,28
6 35,30
6 35,15
6 35,22
DAC_8
3 18,15
3 18,28
3 18,24
3 18,20
3 18,23
3 18,21
3 18,22
3 18,21
3 18,33
3 18,22
DAC_16
1 39,47
1 39,49
1 55,03
1 39,47
1 39,48
1 39,48
1 39,53
1 39,45
1 39,62
1 39,50
DAC_32
0 50,38
0 50,45
0 50,39
0 57,63
0 50,42
0 50,40
0 50,46
0 57,62
0 50,44
0 50,43
DAC_64
0 26,30
0 26,31
0 30,22
0 29,86
0 26,39
0 26,28
0 26,32
0 29,84
0 29,90
0 30,13
DAC_O2_128
0m 11.07s
0m 11.19s
0m 11.20s
0m 11.24s
0m 10.96s
0m 10.95s
0m 11.08s
0m 11.34s
0m 11.32s
0m 11.06s
0m 11.14s
0m 11.23s
0m 11.24s
0m 11.39s
0m 11.07s
0m 11.35s
DAC_O2_256
0m 12.79s
0m 12.98s
0m 15.84s
DAC_O3_native_128
0m 19.67s
0m 23.96s
0m 23.80s
0m 16.39s
0m 17.84s
0m 17.74s
0m 18.35s
0m 18.23s
0m 16.42s
DAC_O3_native_256
0m 26.78s
0m 23.64s
0m 17.65s
0m 26.83s
DAC_O3_128
0m 21.43s
0m 24.54s
0m 22.95s
0m 23.77s
0m 21.97s
0m 20.16s
0m 17.26s
0m 19.41s
0m 19.34s
0m 19.85s
0m 19.69s
0m 19.44s
DAC_O3_256
0m 21.71s
DAC_128
DAC_256
