SPMD_O3_native_1
0 45,26
0 45,99
0 46,17
0 46,18
0 45,86
0 45,04
0 45,13
0 45,29
0 46,24
0 45,95
SPMD_O3_native_2
0 41,36
0 41,28
0 41,27
0 41,28
0 41,25
0 41,22
0 41,19
0 41,33
0 41,44
0 41,12
SPMD_O3_native_4
0 38,36
0 38,36
0 38,46
0 38,35
0 38,41
0 38,41
0 38,41
0 38,31
0 38,33
0 38,37
SPMD_O3_native_8
0 22,85
0 22,57
0 22,51
0 22,63
0 22,56
0 22,56
0 22,43
0 22,54
0 22,64
0 22,69
SPMD_O3_native_12
0 21,54
0 21,51
0 22,13
0 21,63
0 21,65
0 21,45
0 21,52
0 21,68
0 21,81
0 21,93
SPMD_O3_native_16
0 18,60
0 18,51
0 18,64
0 18,53
0 18,68
0 18,68
0 18,58
0 18,70
0 19,24
0 19,12
SPMD_O3_native_20
0 17,63
0 17,37
0 17,21
0 17,53
0 17,29
0 17,69
0 17,61
0 17,66
0 17,33
0 17,51
SPMD_O3_native_24
0 16,69
0 16,16
0 16,00
0 16,88
0 17,14
0 16,13
0 17,16
0 16,27
0 16,65
0 17,27
SPMD_O3_native_28
0 16,74
0 16,57
0 16,50
0 16,85
0 16,84
0 16,43
0 16,42
0 16,55
0 16,44
0 16,47
SPMD_O3_native_32
0 11,66
0 11,63
0 11,65
0 11,68
0 11,59
0 11,71
0 11,69
0 11,61
0 11,60
0 11,68
SPMD_O3_native_36
0 14,55
0 14,88
0 15,42
0 15,00
0 15,43
0 15,29
0 15,07
0 14,89
0 14,82
0 15,08
SPMD_O3_native_40
0 10,83
0 11,08
0 10,85
0 11,27
0 11,11
0 10,69
0 10,56
0 10,79
0 10,81
0 10,75
SPMD_O3_native_44
0 16,45
0 16,92
0 16,40
0 16,73
0 16,51
0 16,49
0 16,68
0 16,79
0 16,96
0 16,66
SPMD_O3_native_48
0 10,25
0 10,09
0 9,97
0 10,09
0 10,06
0 10,06
0 10,10
0 10,08
0 10,09
0 10,06
SPMD_O3_native_52
0 17,38
0 16,77
0 17,05
0 16,73
0 16,69
0 17,32
0 17,37
0 17,01
0 16,45
0 17,51
SPMD_O3_native_56
0 9,68
0 9,67
0 9,70
0 9,71
0 9,68
0 9,81
0 9,67
0 9,82
0 9,76
0 9,66
SPMD_O3_native_60
0 10,84
0 11,13
0 11,45
0 10,85
0 10,84
0 10,61
0 10,64
0 11,23
0 10,44
0 11,59
SPMD_O3_native_64
0 9,56
0 9,46
0 9,50
0 9,48
0 9,53
0 9,47
0 9,51
0 9,53
0 9,41
0 9,50
SPMD_O3_1
0 46,11
0 46,87
0 46,18
0 46,12
0 46,10
0 45,85
0 46,03
0 46,03
0 46,34
0 46,06
SPMD_O3_2
0 40,66
0 40,57
0 40,78
0 40,70
0 40,60
0 40,68
0 40,57
0 40,64
0 39,93
0 40,47
SPMD_O3_4
0 37,79
0 37,74
0 37,79
0 37,71
0 37,71
0 37,78
0 37,76
0 37,74
0 37,71
0 37,75
SPMD_O3_8
0 22,18
0 22,19
0 22,28
0 22,49
0 22,42
0 22,24
0 22,29
0 22,15
0 22,25
0 22,34
SPMD_O3_12
0 21,96
0 21,28
0 22,20
0 21,66
0 21,63
0 21,82
0 22,20
0 21,86
0 21,42
0 21,71
SPMD_O3_16
0 18,89
0 18,87
0 18,48
0 18,79
0 18,75
0 18,51
0 18,76
0 18,79
0 18,99
0 18,89
SPMD_O3_20
0 17,40
0 17,64
0 17,51
0 17,34
0 17,65
0 17,36
0 17,52
0 17,42
0 17,71
0 17,71
SPMD_O3_24
0 16,62
0 16,73
0 16,57
0 16,56
0 16,13
0 16,58
0 16,09
0 16,33
0 16,29
0 15,98
SPMD_O3_28
0 16,52
0 16,72
0 16,52
0 16,61
0 16,87
0 16,66
0 16,43
0 16,62
0 16,50
0 16,45
SPMD_O3_32
0 11,48
0 11,46
0 11,48
0 11,41
0 11,52
0 11,48
0 11,52
0 11,46
0 11,51
0 11,49
SPMD_O3_36
0 15,76
0 15,15
0 16,15
0 14,83
0 14,39
0 14,71
0 14,97
0 14,56
0 14,72
0 15,34
SPMD_O3_40
0 10,83
0 10,64
0 10,61
0 10,63
0 10,70
0 10,64
0 10,60
0 10,62
0 10,76
0 11,12
SPMD_O3_44
0 16,43
0 16,42
0 17,70
0 16,45
0 16,40
0 16,50
0 16,69
0 16,50
0 16,91
0 16,46
SPMD_O3_48
0 10,08
0 10,17
0 9,94
0 9,99
0 9,99
0 9,97
0 10,00
0 9,94
0 10,00
0 9,95
SPMD_O3_52
0 16,90
0 16,84
0 16,98
0 17,05
0 17,18
0 16,95
0 16,85
0 16,55
0 18,11
0 17,49
SPMD_O3_56
0 9,60
0 9,58
0 9,61
0 9,58
0 9,61
0 9,62
0 9,60
0 9,60
0 9,61
0 9,62
SPMD_O3_60
0 10,77
0 10,31
0 11,51
0 11,12
0 10,91
0 10,57
0 11,44
0 11,20
0 10,96
0 10,43
SPMD_O3_64
0 9,38
0 9,35
0 9,45
0 9,46
0 9,43
0 9,45
0 9,43
0 9,60
0 9,38
0 9,39
SPMD_O2_1
2 1,28
2 1,65
2 1,67
2 1,89
2 1,36
2 1,59
2 1,29
2 1,50
2 1,37
2 1,36
SPMD_O2_2
1 22,13
1 4,67
1 4,69
1 4,63
1 4,58
1 4,60
1 4,58
1 4,64
1 4,66
1 4,64
SPMD_O2_4
0 41,25
0 40,97
0 41,07
0 41,14
0 41,14
0 41,16
0 41,04
0 40,99
0 40,92
0 41,15
SPMD_O2_8
0 26,38
0 26,72
0 30,33
0 26,65
0 26,70
0 27,09
0 26,76
0 29,54
0 26,65
0 26,69
SPMD_O2_12
0 23,45
0 24,78
0 23,34
0 23,27
0 23,92
0 25,17
0 23,64
0 23,37
0 23,40
0 23,08
SPMD_O2_16
0 22,33
0 22,33
0 22,01
0 22,12
0 22,25
0 22,40
0 22,20
0 22,55
0 22,12
0 22,08
SPMD_O2_20
0 20,61
0 21,28
0 20,55
0 20,90
0 20,38
0 21,39
0 20,43
0 20,37
0 20,49
0 20,42
SPMD_O2_24
0 19,06
0 18,28
0 18,84
0 18,08
0 19,07
0 18,87
0 19,26
0 18,53
0 18,65
0 19,36
SPMD_O2_28
0 18,74
0 18,64
0 18,47
0 18,48
0 18,47
0 18,23
0 18,79
0 18,71
0 18,74
0 18,53
SPMD_O2_32
0 13,28
0 13,70
0 13,15
0 13,48
0 13,20
0 13,31
0 13,69
0 13,16
0 13,38
0 13,11
SPMD_O2_36
0 16,77
0 18,30
0 17,39
0 16,41
0 17,61
0 16,62
0 16,48
0 16,73
0 16,73
0 17,37
SPMD_O2_40
0 12,43
0 12,06
0 12,02
0 12,26
0 12,13
0 12,47
0 12,31
0 12,06
0 12,26
0 12,15
SPMD_O2_44
0 17,77
0 18,24
0 18,02
0 17,78
0 17,93
0 17,84
0 17,71
0 17,99
0 17,49
0 17,73
SPMD_O2_48
0 11,29
0 11,15
0 11,22
0 11,46
0 11,30
0 11,13
0 11,18
0 11,38
0 11,20
0 11,55
SPMD_O2_52
0 17,67
0 17,97
0 17,68
0 17,61
0 17,28
0 18,04
0 18,26
0 17,68
0 17,81
0 17,75
SPMD_O2_56
0 10,80
0 10,62
0 10,69
0 10,62
0 10,71
0 10,61
0 10,58
0 10,59
0 10,61
0 10,71
SPMD_O2_60
0 11,68
0 11,45
0 12,56
0 11,90
0 11,45
0 11,88
0 12,37
0 12,99
0 12,48
0 13,09
SPMD_O2_64
0 10,42
0 10,56
0 10,35
0 10,45
0 10,34
0 10,45
0 10,46
0 10,30
0 10,35
0 10,40
SPMD_1
8 16,96
8 16,99
8 16,82
8 17,03
8 16,77
8 16,73
8 17,28
8 17,30
8 17,03
8 19,31
SPMD_2
4 14,93
4 14,98
4 14,84
4 14,74
4 14,98
4 38,23
4 16,82
4 15,09
4 14,96
4 14,91
SPMD_4
2 10,79
2 11,07
2 11,18
2 10,80
2 10,98
2 10,80
2 10,87
2 10,88
2 10,89
2 10,91
SPMD_8
1 12,85
1 12,91
1 12,84
1 17,65
1 12,82
1 12,90
1 12,91
1 12,85
1 12,88
1 12,83
SPMD_12
0 55,51
0 55,54
0 55,53
0 59,58
0 55,55
0 56,85
0 56,60
0 55,45
0 55,58
0 55,62
SPMD_16
0 46,76
0 46,42
0 46,38
0 47,95
0 47,20
0 46,48
0 46,41
0 46,70
0 46,61
0 46,55
SPMD_20
0 39,79
0 39,96
0 39,97
0 39,84
0 39,78
0 40,12
0 39,82
0 39,81
0 39,72
0 43,11
SPMD_24
0 35,21
0 34,49
0 35,56
0 34,59
0 34,61
0 35,28
0 36,29
0 35,19
0 34,84
0 34,10
SPMD_28
0 32,56
0 32,40
0 32,50
0 32,95
0 32,54
0 32,81
0 32,45
0 32,46
0 32,69
0 34,57
SPMD_32
0 25,43
0 25,93
0 25,56
0 25,15
0 25,42
0 25,37
0 25,23
0 25,19
0 25,30
0 25,38
SPMD_36
0 28,26
0 27,77
0 27,42
0 27,28
0 27,78
0 28,51
0 26,37
0 27,84
0 26,80
0 27,51
SPMD_40
0 21,63
0 22,20
0 21,72
0 22,28
0 21,99
0 22,20
0 22,54
0 21,69
0 23,21
0 22,51
SPMD_44
0 26,49
0 27,23
0 26,37
0 27,72
0 26,63
0 26,40
0 26,21
0 26,27
0 26,10
0 26,57
SPMD_48
0 19,45
0 19,22
0 19,29
0 19,21
0 19,24
0 19,22
0 19,28
0 19,24
0 19,28
0 19,51
SPMD_52
0 24,70
0 25,01
0 24,57
0 24,87
0 25,33
0 24,56
0 24,86
0 24,93
0 24,56
0 25,15
SPMD_56
0 17,55
0 17,63
0 17,51
0 17,56
0 17,53
0 17,63
0 17,46
0 17,83
0 17,47
0 17,55
SPMD_60
0 18,57
0 19,19
0 18,82
0 18,25
0 18,69
0 18,17
0 18,40
0 18,00
0 19,01
0 18,67
SPMD_64
0 16,59
0 16,42
0 16,56
0 17,16
0 16,76
0 16,76
0 16,64
0 16,47
0 16,52
0 16,82
