SPMD_O3_native_1
0 46,386
0 46,552
0 46,487
0 46,405
0 48,036
0 48,135
0 46,562
0 46,660
0 47,970
0 46,939
SPMD_O3_native_2
0 41,047
0 40,899
0 41,042
0 41,115
0 41,083
0 41,061
0 41,056
0 41,086
0 41,100
0 40,986
SPMD_O3_native_4
0 38,898
0 39,032
0 38,834
0 38,827
0 38,787
0 38,711
0 38,743
0 38,855
0 38,791
0 38,810
SPMD_O3_native_8
0 22,533
0 22,345
0 22,715
0 22,387
0 22,520
0 22,445
0 22,603
0 22,351
0 22,564
0 22,494
SPMD_O3_native_12
0 22,368
0 22,409
0 22,931
0 22,192
0 22,387
0 22,098
0 21,965
0 22,231
0 22,127
0 22,668
SPMD_O3_native_16
0 19,170
0 19,338
0 19,500
0 19,297
0 19,382
0 19,521
0 19,389
0 19,341
0 19,316
0 19,374
SPMD_O3_native_20
0 18,183
0 18,210
0 18,112
0 18,160
0 18,018
0 18,064
0 18,044
0 18,135
0 17,979
0 18,210
SPMD_O3_native_24
0 16,865
0 16,926
0 16,557
0 16,587
0 16,889
0 17,313
0 16,830
0 16,875
0 16,833
0 17,497
SPMD_O3_native_28
0 17,452
0 17,438
0 17,382
0 17,507
0 17,657
0 17,546
0 17,428
0 17,526
0 17,548
0 17,681
SPMD_O3_native_32
0 12,393
0 12,378
0 12,393
0 12,391
0 12,401
0 12,423
0 12,301
0 12,351
0 12,324
0 12,305
SPMD_O3_native_36
0 14,742
0 14,149
0 14,093
0 14,549
0 14,166
0 14,446
0 14,219
0 14,094
0 14,357
0 14,502
SPMD_O3_native_40
0 11,295
0 11,281
0 11,226
0 11,230
0 11,422
0 11,294
0 11,264
0 11,463
0 11,258
0 11,288
SPMD_O3_native_44
0 16,547
0 16,438
0 16,475
0 16,403
0 16,573
0 16,366
0 16,412
0 16,450
0 16,364
0 16,455
SPMD_O3_native_48
0 10,681
0 10,402
0 10,482
0 10,470
0 10,403
0 10,345
0 10,532
0 10,529
0 10,378
0 10,378
SPMD_O3_native_52
0 16,345
0 16,398
0 16,362
0 16,405
0 16,344
0 16,376
0 16,239
0 16,476
0 16,479
0 16,321
SPMD_O3_native_56
0 9,873
0 9,798
0 9,774
0 9,825
0 9,809
0 9,830
0 9,673
0 9,709
0 9,838
0 9,781
SPMD_O3_native_60
0 9,747
0 9,738
0 9,686
0 9,726
0 9,649
0 9,608
0 9,705
0 9,600
0 9,607
0 9,693
SPMD_O3_native_64
0 9,341
0 9,302
0 9,301
0 9,278
0 9,274
0 9,257
0 9,275
0 9,167
0 9,418
0 10,921
SPMD_O3_1
0 48,063
0 48,079
0 48,087
0 48,071
0 48,059
0 47,851
0 48,059
0 46,431
0 48,076
0 48,014
SPMD_O3_2
0 40,700
0 40,570
0 40,609
0 40,628
0 40,523
0 40,669
0 40,535
0 40,643
0 40,492
0 40,532
SPMD_O3_4
0 38,187
0 38,575
0 38,289
0 38,131
0 38,234
0 38,167
0 38,179
0 38,163
0 38,179
0 38,299
SPMD_O3_8
0 22,156
0 22,510
0 22,499
0 22,191
0 22,103
0 22,295
0 22,331
0 22,236
0 22,529
0 22,344
SPMD_O3_12
0 22,756
0 22,615
0 22,868
0 22,011
0 22,260
0 21,517
0 22,623
0 22,437
0 22,881
0 22,268
SPMD_O3_16
0 19,340
0 19,159
0 19,220
0 19,420
0 19,414
0 19,281
0 19,379
0 19,421
0 19,461
0 19,439
SPMD_O3_20
0 17,970
0 18,075
0 18,145
0 18,151
0 18,143
0 18,068
0 18,164
0 17,902
0 18,029
0 18,117
SPMD_O3_24
0 16,960
0 16,498
0 16,598
0 16,914
0 16,708
0 16,728
0 16,536
0 16,492
0 16,511
0 16,763
SPMD_O3_28
0 17,613
0 17,378
0 17,427
0 17,453
0 17,455
0 17,496
0 17,385
0 17,422
0 17,528
0 17,451
SPMD_O3_32
0 12,265
0 12,076
0 12,161
0 12,142
0 12,302
0 12,169
0 12,225
0 12,215
0 12,177
0 12,185
SPMD_O3_36
0 14,017
0 13,968
0 13,989
0 14,002
0 14,506
0 14,030
0 14,062
0 14,009
0 14,224
0 14,041
SPMD_O3_40
0 11,191
0 11,081
0 11,070
0 11,132
0 11,131
0 11,267
0 11,142
0 11,166
0 11,158
0 11,114
SPMD_O3_44
0 16,411
0 16,420
0 16,400
0 16,417
0 16,466
0 16,393
0 16,506
0 16,358
0 16,458
0 16,505
SPMD_O3_48
0 10,385
0 10,415
0 10,273
0 10,339
0 10,320
0 10,354
0 10,370
0 10,422
0 10,352
0 10,268
SPMD_O3_52
0 16,395
0 16,366
0 16,363
0 16,438
0 16,449
0 16,283
0 16,421
0 16,375
0 16,445
0 16,478
SPMD_O3_56
0 9,630
0 9,631
0 9,619
0 9,658
0 9,686
0 9,761
0 9,716
0 9,647
0 9,696
0 9,743
SPMD_O3_60
0 9,627
0 9,616
0 9,614
0 9,619
0 9,614
0 9,661
0 9,632
0 9,619
0 9,659
0 9,625
SPMD_O3_64
0 9,126
0 9,141
0 9,158
0 9,164
0 9,196
0 9,313
0 10,678
0 10,610
0 9,802
0 10,646
SPMD_O2_1
1 59,550
1 59,123
1 59,211
1 59,255
1 59,759
1 59,167
1 59,747
1 59,803
1 59,638
1 59,703
SPMD_O2_2
1 3,528
1 3,515
1 3,564
1 3,510
1 3,623
1 3,499
1 3,498
1 3,572
1 3,530
1 3,459
SPMD_O2_4
0 40,987
0 40,973
0 40,963
0 41,047
0 40,998
0 45,160
0 41,217
0 41,195
0 40,911
0 42,867
SPMD_O2_8
0 27,471
0 29,200
0 27,458
0 27,550
0 27,587
0 27,580
0 27,635
0 27,546
0 27,639
0 27,458
SPMD_O2_12
0 24,522
0 24,444
0 25,605
0 24,988
0 24,729
0 24,397
0 24,686
0 25,395
0 24,550
0 24,545
SPMD_O2_16
0 22,635
0 23,385
0 22,885
0 23,116
0 22,848
0 22,786
0 22,907
0 22,941
0 22,736
0 22,682
SPMD_O2_20
0 21,172
0 21,079
0 21,382
0 21,060
0 21,151
0 21,132
0 21,035
0 21,232
0 21,022
0 21,475
SPMD_O2_24
0 18,500
0 18,486
0 18,489
0 18,545
0 18,751
0 18,225
0 18,122
0 18,601
0 18,707
0 18,587
SPMD_O2_28
0 19,597
0 19,863
0 19,689
0 19,511
0 19,505
0 19,658
0 19,624
0 19,588
0 19,585
0 19,718
SPMD_O2_32
0 13,599
0 13,523
0 13,597
0 13,582
0 13,690
0 13,531
0 13,527
0 13,544
0 13,610
0 13,594
SPMD_O2_36
0 15,397
0 15,745
0 15,733
0 15,243
0 15,284
0 15,359
0 15,427
0 15,252
0 15,348
0 15,445
SPMD_O2_40
0 12,469
0 12,602
0 12,637
0 14,569
0 12,430
0 12,517
0 12,782
0 15,501
0 12,506
0 12,371
SPMD_O2_44
0 18,037
0 18,025
0 18,149
0 18,154
0 17,983
0 17,694
0 18,101
0 18,074
0 17,966
0 18,197
SPMD_O2_48
0 11,498
0 11,526
0 11,461
0 11,538
0 11,447
0 11,550
0 11,531
0 11,351
0 11,386
0 11,634
SPMD_O2_52
0 17,626
0 17,543
0 17,574
0 17,632
0 17,586
0 17,625
0 17,599
0 17,617
0 17,593
0 17,658
SPMD_O2_56
0 10,555
0 10,698
0 10,841
0 10,729
0 10,735
0 10,749
0 10,629
0 10,673
0 10,783
0 10,711
SPMD_O2_60
0 10,761
0 10,746
0 10,663
0 10,695
0 10,780
0 10,730
0 11,164
0 10,735
0 10,739
0 10,714
SPMD_O2_64
0 10,216
0 10,606
0 11,574
0 11,554
0 10,893
0 10,146
0 10,350
0 10,461
0 10,662
0 10,389
SPMD_1
8 10,282
8 10,119
8 9,566
8 9,504
8 9,442
8 9,407
8 15,928
8 9,918
8 9,623
8 9,400
SPMD_2
4 10,639
4 11,781
4 10,676
4 10,726
4 10,725
4 10,777
4 10,731
4 10,675
4 10,735
4 10,678
SPMD_4
2 21,608
2 9,095
2 8,999
2 9,123
2 9,215
2 16,087
2 9,035
2 9,086
2 9,284
2 9,183
SPMD_8
1 12,941
1 12,780
1 19,803
1 12,893
1 12,878
1 17,159
1 12,952
1 12,910
1 18,262
1 12,860
SPMD_12
0 58,478
0 56,260
0 56,327
0 56,898
0 56,048
0 55,757
0 56,088
0 55,864
0 57,603
0 58,681
SPMD_16
0 46,466
0 46,525
0 46,552
0 46,471
0 46,577
0 46,413
0 46,738
0 46,494
0 46,495
0 45,815
SPMD_20
0 40,108
0 39,989
0 39,706
0 40,173
0 41,340
0 41,985
0 40,421
0 40,157
0 40,124
0 40,117
SPMD_24
0 34,669
0 33,863
0 34,651
0 36,341
0 35,467
0 34,509
0 34,060
0 34,489
0 34,137
0 34,295
SPMD_28
0 33,482
0 33,144
0 33,517
0 32,624
0 33,201
0 32,664
0 33,147
0 33,193
0 33,178
0 33,335
SPMD_32
0 27,055
0 25,422
0 25,324
0 25,857
0 26,543
0 25,416
0 25,321
0 26,674
0 25,392
0 25,335
SPMD_36
0 25,862
0 26,433
0 26,031
0 25,834
0 26,493
0 26,067
0 26,474
0 26,098
0 26,537
0 25,749
SPMD_40
0 21,885
0 21,767
0 21,743
0 21,882
0 21,895
0 22,745
0 21,818
0 21,865
0 21,802
0 21,957
SPMD_44
0 26,609
0 26,647
0 26,497
0 26,626
0 26,658
0 26,753
0 26,576
0 26,674
0 26,793
0 26,552
SPMD_48
0 19,423
0 19,271
0 19,301
0 19,525
0 19,436
0 19,639
0 19,478
0 19,272
0 19,390
0 19,331
SPMD_52
0 24,862
0 24,946
0 24,921
0 25,034
0 24,973
0 25,110
0 25,073
0 24,965
0 24,978
0 25,147
SPMD_56
0 17,434
0 17,570
0 17,490
0 17,354
0 17,454
0 17,329
0 17,446
0 17,518
0 17,489
0 17,801
SPMD_60
0 17,313
0 17,158
0 17,089
0 17,236
0 17,182
0 17,285
0 17,035
0 17,594
0 25,637
0 17,314
SPMD_64
0 16,414
0 16,117
0 16,170
0 16,118
0 16,442
0 16,141
0 16,107
0 16,142
0 16,103
0 16,422
