MasterSlave_O3_native_2b
9 09,340
9 09,500
9 09,690
9 09,330
9 09,330
9 09,320
9 09,420
9 09,390
9 09,620
9 09,380
MasterSlave_O3_native_3
4 41,340
4 41,330
4 41,170
4 41,270
4 41,330
4 41,370
4 41,230
4 41,190
4 41,360
4 41,260
MasterSlave_O3_native_5
2 24,400
2 24,350
2 24,390
2 24,290
2 24,360
2 24,270
2 24,350
2 24,360
2 24,370
2 24,380
MasterSlave_O3_native_9
1 12,940
1 12,880
1 12,980
1 12,920
1 12,920
1 12,920
1 12,920
1 12,950
1 12,950
1 12,930
MasterSlave_O3_native_13
0 49,140
0 49,130
0 49,260
0 49,180
0 49,200
0 49,170
0 49,130
0 49,150
0 49,160
0 49,140
MasterSlave_O3_native_17
0 36,880
0 36,890
0 36,860
0 36,840
0 36,960
0 36,850
0 36,870
0 36,860
0 36,840
0 36,930
MasterSlave_O3_native_21
0 29,560
0 29,550
0 29,550
0 29,520
0 29,540
0 29,510
0 29,520
0 29,590
0 29,500
0 29,600
MasterSlave_O3_native_25
0 25,430
0 25,420
0 25,420
0 25,360
0 25,430
0 25,370
0 25,360
0 25,400
0 25,340
0 25,380
MasterSlave_O3_native_29
0 21,410
0 21,420
0 21,410
0 21,380
0 21,340
0 21,350
0 21,340
0 21,350
0 21,380
0 21,360
MasterSlave_O3_native_33
0 18,890
0 18,900
0 18,950
0 18,880
0 18,920
0 18,960
0 18,920
0 18,970
0 18,900
0 18,920
MasterSlave_O3_native_37
0 17,250
0 17,290
0 17,280
0 17,220
0 17,280
0 17,210
0 17,230
0 17,320
0 17,290
0 17,280
MasterSlave_O3_native_41
0 15,680
0 15,740
0 15,680
0 15,620
0 15,690
0 15,620
0 15,590
0 15,650
0 15,700
0 15,670
MasterSlave_O3_native_45
0 14,000
0 14,110
0 14,070
0 14,150
0 14,010
0 14,180
0 14,100
0 14,010
0 14,090
0 14,110
MasterSlave_O3_native_49
0 13,150
0 13,160
0 13,240
0 13,160
0 13,140
0 13,150
0 13,190
0 13,180
0 13,250
0 13,180
MasterSlave_O3_native_53
0 12,390
0 12,300
0 12,400
0 12,420
0 12,330
0 12,300
0 12,390
0 12,470
0 12,280
0 12,410
MasterSlave_O3_native_57
0 11,560
0 11,590
0 11,580
0 11,620
0 11,610
0 11,540
0 11,540
0 11,550
0 11,650
0 11,620
MasterSlave_O3_native_61
0 10,760
0 10,850
0 10,840
0 10,850
0 10,810
0 10,840
0 10,800
0 10,790
0 10,760
0 10,730
MasterSlave_O3_native_65
0 10,150
0 10,010
0 10,010
0 10,040
0 10,070
0 10,080
0 10,080
0 10,030
0 10,040
0 10,090
MasterSlave_O3_2b
9 16,360
9 16,390
9 16,250
9 16,280
9 16,210
9 15,990
9 16,200
9 16,470
9 16,270
9 16,220
MasterSlave_O3_3
4 44,700
4 44,680
4 44,750
4 44,640
4 44,740
4 44,800
4 44,700
4 44,810
4 44,720
4 44,650
MasterSlave_O3_5
2 26,140
2 26,120
2 26,240
2 26,140
2 26,140
2 26,210
2 26,200
2 26,150
2 26,150
2 26,150
MasterSlave_O3_9
1 13,850
1 13,820
1 13,850
1 13,890
1 13,850
1 13,840
1 13,830
1 13,840
1 13,830
1 13,820
MasterSlave_O3_13
0 49,720
0 49,700
0 49,750
0 49,770
0 49,780
0 49,780
0 49,740
0 49,740
0 49,740
0 49,750
MasterSlave_O3_17
0 37,320
0 37,410
0 37,350
0 37,310
0 37,290
0 37,300
0 37,390
0 37,320
0 37,350
0 37,320
MasterSlave_O3_21
0 29,900
0 29,900
0 29,910
0 29,890
0 29,940
0 29,900
0 29,900
0 29,830
0 29,860
0 29,890
MasterSlave_O3_25
0 25,730
0 25,620
0 25,660
0 25,710
0 25,680
0 25,620
0 25,770
0 25,730
0 25,740
0 25,680
MasterSlave_O3_29
0 21,710
0 21,640
0 21,660
0 21,670
0 21,680
0 21,690
0 21,650
0 21,670
0 21,630
0 21,720
MasterSlave_O3_33
0 19,210
0 19,120
0 19,270
0 19,170
0 19,120
0 19,190
0 19,160
0 19,160
0 19,090
0 19,180
MasterSlave_O3_37
0 17,550
0 17,500
0 17,500
0 17,500
0 17,390
0 17,430
0 17,400
0 17,480
0 17,480
0 17,440
MasterSlave_O3_41
0 15,870
0 15,760
0 15,850
0 15,800
0 15,820
0 15,870
0 15,810
0 15,750
0 15,760
0 15,830
MasterSlave_O3_45
0 14,260
0 14,250
0 14,150
0 14,200
0 14,280
0 14,170
0 14,200
0 14,230
0 14,210
0 14,290
MasterSlave_O3_49
0 13,410
0 13,280
0 13,450
0 13,350
0 13,400
0 13,390
0 13,410
0 13,320
0 13,380
0 13,430
MasterSlave_O3_53
0 12,660
0 12,510
0 12,480
0 12,440
0 12,490
0 12,560
0 12,570
0 12,560
0 12,470
0 12,510
MasterSlave_O3_57
0 11,740
0 11,700
0 11,640
0 11,620
0 11,740
0 11,650
0 11,620
0 11,740
0 11,750
0 11,730
MasterSlave_O3_61
0 10,940
0 10,870
0 10,930
0 10,900
0 10,850
0 10,900
0 10,880
0 10,920
0 10,840
0 10,940
MasterSlave_O3_65
0 10,940
0 10,950
0 10,910
0 10,900
0 10,940
0 10,950
0 10,900
0 10,910
0 10,950
0 10,870
MasterSlave_O2_2b
9 16,250
9 16,090
9 16,020
9 16,310
9 16,350
9 16,090
9 16,380
9 16,250
9 16,100
9 16,220
MasterSlave_O2_3
4 44,710
4 44,680
4 44,730
4 44,590
4 44,650
4 44,680
4 44,720
4 44,680
4 44,840
4 44,740
MasterSlave_O2_5
2 26,140
2 26,120
2 26,140
2 26,150
2 26,140
2 26,160
2 26,200
2 26,180
2 26,110
2 26,160
MasterSlave_O2_9
1 13,820
1 13,840
1 13,890
1 13,820
1 13,800
1 13,820
1 13,810
1 13,830
1 13,830
1 13,890
MasterSlave_O2_13
0 49,760
0 49,770
0 49,740
0 49,740
0 49,720
0 49,710
0 49,720
0 49,820
0 49,720
0 49,770
MasterSlave_O2_17
0 37,370
0 37,400
0 37,290
0 37,350
0 37,330
0 37,370
0 37,320
0 37,290
0 37,320
0 37,300
MasterSlave_O2_21
0 30,040
0 29,870
0 29,880
0 29,880
0 29,920
0 29,900
0 29,850
0 29,850
0 29,940
0 29,930
MasterSlave_O2_25
0 25,710
0 25,640
0 25,710
0 25,700
0 25,650
0 25,650
0 25,680
0 25,700
0 25,630
0 25,710
MasterSlave_O2_29
0 21,600
0 21,620
0 21,630
0 21,590
0 21,640
0 21,620
0 21,650
0 21,690
0 21,620
0 21,730
MasterSlave_O2_33
0 19,180
0 19,130
0 19,220
0 19,100
0 19,200
0 19,110
0 19,210
0 19,200
0 19,130
0 19,170
MasterSlave_O2_37
0 17,440
0 17,460
0 17,520
0 17,400
0 17,400
0 17,540
0 17,510
0 17,410
0 17,510
0 17,440
MasterSlave_O2_41
0 15,840
0 15,860
0 15,810
0 15,790
0 15,830
0 15,740
0 15,770
0 15,760
0 15,900
0 15,840
MasterSlave_O2_45
0 14,270
0 14,290
0 14,150
0 14,260
0 14,250
0 14,280
0 14,270
0 14,230
0 14,230
0 14,210
MasterSlave_O2_49
0 13,330
0 13,390
0 13,420
0 13,350
0 13,370
0 13,340
0 13,410
0 13,370
0 13,340
0 13,380
MasterSlave_O2_53
0 12,490
0 12,550
0 12,440
0 12,480
0 12,480
0 12,560
0 12,480
0 12,600
0 12,590
0 12,520
MasterSlave_O2_57
0 11,810
0 11,730
0 11,730
0 11,740
0 11,680
0 11,720
0 11,630
0 11,750
0 11,730
0 11,710
MasterSlave_O2_61
0 11,020
0 10,950
0 10,980
0 10,920
0 10,860
0 10,960
0 10,990
0 10,900
0 10,880
0 10,970
MasterSlave_O2_65
0 10,240
0 10,220
0 10,150
0 10,220
0 10,210
0 10,180
0 10,380
0 10,160
0 10,180
0 10,210
MasterSlave_2b
26 29,760
26 31,070
26 31,510
26 28,440
26 29,650
26 29,590
26 28,500
26 29,820
26 30,140
26 31,230
MasterSlave_3
13 34,340
13 33,380
13 34,020
13 33,560
13 33,750
13 34,140
13 33,980
13 32,700
13 34,320
13 34,140
MasterSlave_5
6 57,630
7 01,800
6 57,840
6 57,520
6 57,470
6 57,400
6 57,350
6 57,430
6 57,240
6 57,210
MasterSlave_9
3 30,220
3 30,300
3 30,050
3 30,120
3 30,030
3 30,030
3 30,070
3 30,080
3 30,160
3 30,000
MasterSlave_13
2 21,010
2 21,070
2 21,080
2 20,980
2 21,010
2 23,660
2 21,090
2 21,060
2 21,060
2 20,960
MasterSlave_17
1 45,670
1 45,480
1 45,570
1 45,510
1 45,510
1 45,520
1 45,610
1 47,690
1 45,420
1 45,560
MasterSlave_21
1 24,120
1 24,160
1 24,210
1 26,240
1 24,160
1 26,510
1 24,250
1 24,080
1 24,220
1 26,580
MasterSlave_25
1 12,180
1 12,170
1 12,070
1 12,140
1 12,060
1 12,050
1 12,110
1 12,060
1 12,040
1 12,030
MasterSlave_29
1 02,490
1 02,590
1 02,540
1 02,560
1 00,370
1 02,610
1 00,390
1 00,460
1 00,350
1 05,410
MasterSlave_33
0 53,340
0 53,260
0 53,340
0 53,230
0 53,280
0 53,290
0 53,240
0 53,280
0 53,310
0 53,170
MasterSlave_37
0 48,530
0 48,350
0 48,450
0 48,430
0 48,470
0 48,330
0 48,450
0 48,350
0 48,430
0 48,510
MasterSlave_41
0 43,660
0 43,750
0 43,810
0 43,660
0 43,680
0 43,770
0 43,730
0 43,680
0 43,710
0 43,640
MasterSlave_45
0 39,100
0 39,030
0 39,070
0 39,060
0 39,050
0 39,090
0 39,080
0 38,980
0 39,100
0 38,980
MasterSlave_49
0 36,620
0 36,560
0 36,490
0 36,610
0 36,680
0 36,540
0 36,610
0 36,500
0 36,590
0 36,640
MasterSlave_53
0 34,190
0 34,200
0 34,210
0 34,190
0 34,120
0 34,250
0 34,180
0 34,200
0 34,190
0 34,270
MasterSlave_57
0 31,860
0 31,850
0 31,890
0 31,750
0 32,150
0 31,780
0 31,860
0 31,830
0 32,190
0 31,890
MasterSlave_61
0 29,520
0 29,440
0 29,550
0 29,470
0 29,530
0 29,570
0 29,590
0 29,600
0 29,490
0 29,490
MasterSlave_65
0 27,260
0 27,230
0 27,280
0 27,200
0 27,250
0 27,260
0 29,460
0 27,280
0 27,210
0 27,280