DAC_O3_native_1
9 58,120
9 58,190
9 58,150
9 58,150
9 58,090
9 58,330
9 58,170
9 58,120
9 58,110
9 58,230
DAC_O3_native_2
5 05,790
5 05,880
5 05,820
5 05,810
5 05,840
5 05,860
5 05,880
5 05,840
5 05,860
5 05,850
DAC_O3_native_4
2 36,740
2 36,660
2 36,660
2 36,670
2 36,670
2 36,680
2 36,740
2 36,690
2 36,640
2 36,680
DAC_O3_native_8
1 18,870
1 18,780
1 18,890
1 18,810
1 18,760
1 18,850
1 18,850
1 18,830
1 18,740
1 18,810
DAC_O3_native_16
0 39,890
0 39,800
0 39,880
0 39,820
0 39,860
0 39,800
0 39,830
0 39,870
0 39,810
0 39,850
DAC_O3_native_32
0 20,440
0 20,370
0 20,350
0 20,340
0 20,410
0 20,350
0 20,340
0 21,000
0 20,390
0 20,370
DAC_O3_native_64
0 10,700
0 10,660
0 10,670
0 10,690
0 10,710
0 10,640
0 10,650
0 10,620
0 10,610
0 10,670
DAC_O3_1
8 43,710
8 43,660
8 43,700
8 43,770
8 43,620
8 43,720
8 43,660
8 43,610
8 43,720
8 43,580
DAC_O3_2
4 27,750
4 27,790
4 27,790
4 27,800
4 27,800
4 27,800
4 27,800
4 27,720
4 27,720
4 27,820
DAC_O3_4
2 17,370
2 17,220
2 17,260
2 17,200
2 17,280
2 17,300
2 17,230
2 17,280
2 17,230
2 17,260
DAC_O3_8
1 09,200
1 09,100
1 09,070
1 09,120
1 09,100
1 09,160
1 09,210
1 09,140
1 09,120
1 09,100
DAC_O3_16
0 34,950
0 34,920
0 34,920
0 34,980
0 34,970
0 34,990
0 34,950
0 34,920
0 34,980
0 35,000
DAC_O3_32
0 17,870
0 17,840
0 17,870
0 17,890
0 17,990
0 17,890
0 17,910
0 17,850
0 17,930
0 17,950
DAC_O3_64
0 09,470
0 09,480
0 09,430
0 09,510
0 09,390
0 09,420
0 09,450
0 09,460
0 09,510
0 09,480
DAC_O2_1
10 31,170
10 30,870
10 30,980
10 30,960
10 30,960
10 30,810
10 31,010
10 30,870
10 31,000
10 31,090
DAC_O2_2
5 22,550
5 22,510
5 22,520
5 22,520
5 22,550
5 22,470
5 22,560
5 22,670
5 22,580
5 22,570
DAC_O2_4
2 45,230
2 45,260
2 45,220
2 45,280
2 45,240
2 45,250
2 45,280
2 45,220
2 45,220
2 45,200
DAC_O2_8
1 23,180
1 23,100
1 23,150
1 23,170
1 23,200
1 23,170
1 23,180
1 23,090
1 23,160
1 23,250
DAC_O2_16
0 41,930
0 41,980
0 41,950
0 41,950
0 41,980
0 41,930
0 41,980
0 41,940
0 41,970
0 41,930
DAC_O2_32
0 21,430
0 21,460
0 21,430
0 21,350
0 21,390
0 21,390
0 21,390
0 21,370
0 21,490
0 21,360
DAC_O2_64
0 11,260
0 11,190
0 11,250
0 11,260
0 11,200
0 11,220
0 11,230
0 11,200
0 11,260
0 11,090
DAC_1
24 50,090
24 49,880
24 50,130
24 51,680
24 50,550
24 49,930
24 50,130
24 50,130
24 50,120
24 50,130
DAC_2
12 42,080
12 42,060
12 41,770
12 42,420
12 42,240
12 41,970
12 42,180
12 41,940
12 41,720
12 42,260
DAC_4
6 30,300
6 30,510
6 30,420
6 30,270
7 32,950
6 30,240
6 30,310
6 30,260
7 41,450
6 30,260
DAC_8
3 15,770
3 15,730
3 17,170
3 15,680
3 15,740
3 15,700
3 45,340
3 15,720
3 15,700
3 15,710
DAC_16
1 38,350
1 38,290
1 52,990
1 38,260
1 38,250
1 38,300
1 38,160
1 38,330
1 38,210
1 38,290
DAC_32
0 49,600
0 49,550
0 49,610
0 49,570
0 49,640
0 49,540
0 49,530
0 56,800
0 51,110
0 49,500
DAC_64
0 25,430
0 25,240
0 25,290
0 25,200
0 28,890
0 29,050
0 29,000
0 29,220
0 29,110
0 25,260