SPMDv3_O3_native_1
17 5,29
17 1,03
17 2,12
17 0,99
17 2,67
17 1,24
17 1,70
17 1,77
17 1,97
17 1,70
SPMDv3_O3_native_2
8 41,77
8 41,45
8 41,76
8 41,56
8 41,60
8 41,61
8 41,57
8 41,63
8 41,71
8 41,83
SPMDv3_O3_native_4
4 27,28
4 29,87
4 27,32
4 27,57
4 27,31
4 27,30
4 27,33
4 27,58
4 27,35
4 27,32
SPMDv3_O3_native_8
2 20,84
2 20,87
2 20,76
2 21,37
2 20,77
2 20,91
2 20,81
2 20,82
2 20,92
2 20,77
SPMDv3_O3_native_12
1 41,21
1 40,31
1 40,50
1 41,27
1 40,74
1 40,43
1 40,64
1 40,70
1 41,91
1 41,48
SPMDv3_O3_native_16
1 19,87
1 20,08
1 19,84
1 19,96
1 19,74
1 19,80
1 19,95
1 19,89
1 20,06
1 20,23
SPMDv3_O3_native_20
1 6,50
1 6,40
1 6,80
1 6,83
1 6,48
1 6,46
1 6,51
1 6,59
1 6,30
1 6,62
SPMDv3_O3_native_24
0 57,13
1 0,18
0 57,79
0 56,66
0 57,19
0 57,69
0 58,12
0 58,12
0 57,19
0 58,05
SPMDv3_O3_native_28
0 51,63
0 51,24
0 51,53
0 51,22
0 51,64
0 51,63
0 52,26
0 51,70
0 51,64
0 51,91
SPMDv3_O3_native_32
0 42,17
0 42,62
0 42,62
0 42,67
0 42,38
0 42,19
0 42,45
0 42,46
0 42,68
0 42,53
SPMDv3_O3_native_36
0 44,73
0 43,17
0 42,05
0 42,83
0 42,71
0 43,54
0 43,19
0 43,68
0 43,47
0 43,41
SPMDv3_O3_native_40
0 36,18
0 36,04
0 35,99
0 36,08
0 35,51
0 35,79
0 35,65
0 36,30
0 35,59
0 35,68
SPMDv3_O3_native_44
0 39,08
0 40,04
0 39,61
0 39,50
0 38,74
0 38,90
0 40,60
0 40,10
0 40,59
0 39,45
SPMDv3_O3_native_48
0 30,57
0 30,60
0 30,86
0 30,50
0 30,62
0 30,55
0 30,54
0 30,78
0 30,57
0 30,48
SPMDv3_O3_native_52
0 35,15
0 37,57
0 35,99
0 36,12
0 37,52
0 36,21
0 36,14
0 39,62
0 37,87
0 35,81
SPMDv3_O3_native_56
0 27,25
0 27,13
0 27,13
0 27,14
0 27,23
0 27,16
0 27,38
0 27,13
0 27,14
0 27,21
SPMDv3_O3_native_60
0 28,09
0 27,03
0 27,49
0 27,64
0 27,84
0 27,50
0 27,48
0 27,86
0 28,12
0 27,64
SPMDv3_O3_native_64
0 25,04
0 25,01
0 25,00
0 25,04
0 24,98
0 25,25
0 24,92
0 24,98
0 25,18
0 24,99
SPMDv3_O3_1
17 7,05
17 7,43
17 7,28
17 6,89
17 7,56
17 6,73
17 7,32
17 7,90
17 8,59
17 10,43
SPMDv3_O3_2
8 44,91
8 44,88
8 45,34
8 44,94
8 44,83
8 45,00
8 44,93
8 48,08
8 45,04
8 44,91
SPMDv3_O3_4
4 29,12
4 29,39
4 29,12
4 29,12
4 29,26
4 31,83
4 29,05
4 29,09
4 29,08
4 29,15
SPMDv3_O3_8
2 22,44
2 21,79
2 21,88
2 21,77
2 21,77
2 21,73
2 21,78
2 21,76
2 22,34
2 21,71
SPMDv3_O3_12
1 41,01
1 42,17
1 41,54
1 41,16
1 41,25
1 40,53
1 40,63
1 40,54
1 41,57
1 41,13
SPMDv3_O3_16
1 20,50
1 20,41
1 20,33
1 20,44
1 20,57
1 20,45
1 20,45
1 20,52
1 20,81
1 20,51
SPMDv3_O3_20
1 6,93
1 6,75
1 6,95
1 7,05
1 7,13
1 6,90
1 6,86
1 7,19
1 6,96
1 6,78
SPMDv3_O3_24
0 58,90
0 57,62
0 58,26
0 57,80
0 58,01
0 57,70
0 57,11
0 57,14
0 57,79
0 56,96
SPMDv3_O3_28
0 51,63
0 51,71
0 54,25
0 51,78
0 51,89
0 52,78
0 52,45
0 51,79
0 52,01
0 51,44
SPMDv3_O3_32
0 43,16
0 42,48
0 42,73
0 42,39
0 42,58
0 43,24
0 42,81
0 42,60
0 42,47
0 42,49
SPMDv3_O3_36
0 42,92
0 43,82
0 44,51
0 43,52
0 44,38
0 42,92
0 43,39
0 45,03
0 44,25
0 42,55
SPMDv3_O3_40
0 35,90
0 36,00
0 36,76
0 36,39
0 36,25
0 35,88
0 36,19
0 35,91
0 35,74
0 35,74
SPMDv3_O3_44
0 40,34
0 39,89
0 39,81
0 39,29
0 39,99
0 39,77
0 38,48
0 39,30
0 39,41
0 38,96
SPMDv3_O3_48
0 31,03
0 30,79
0 30,99
0 30,85
0 30,81
0 30,77
0 30,82
0 31,19
0 30,81
0 30,89
SPMDv3_O3_52
0 37,29
0 36,51
0 36,46
0 37,54
0 36,70
0 37,34
0 36,58
0 37,01
0 37,53
0 38,10
SPMDv3_O3_56
0 27,36
0 27,36
0 27,51
0 27,45
0 27,67
0 27,42
0 27,32
0 27,31
0 27,48
0 27,37
0 27,40
SPMDv3_O3_60
0 29,01
0 27,44
0 27,84
0 28,33
0 27,37
0 27,84
0 27,62
0 28,56
0 27,63
0 27,76
0 28,09
0 27,37
SPMDv3_O3_64
0 25,13
0 25,16
0 25,08
0 25,14
0 25,28
0 25,16
0 25,15
0 25,11
0 25,15
0 25,13
SPMDv3_O2_1
17 12,61
17 12,78
17 12,52
17 13,96
17 20,52
17 13,44
17 13,63
17 11,99
17 11,98
17 13,14
SPMDv3_O2_2
8 47,09
8 46,96
8 54,74
8 46,96
8 47,97
8 47,05
8 47,09
8 46,92
8 46,95
8 46,84
SPMDv3_O2_4
4 29,56
4 34,27
4 30,03
4 29,54
4 29,91
4 29,57
4 29,45
4 29,52
4 29,56
4 29,67
SPMDv3_O2_8
2 21,96
2 22,01
2 22,01
2 21,94
2 21,98
2 21,93
2 21,97
2 21,97
2 22,00
2 21,99
SPMDv3_O2_12
1 40,73
1 40,91
1 42,00
1 41,76
1 41,50
1 41,71
1 41,18
1 40,91
1 41,16
1 40,82
SPMDv3_O2_16
1 21,02
1 20,43
1 20,44
1 20,52
1 20,50
1 20,52
1 20,46
1 20,57
1 20,60
1 20,54
SPMDv3_O2_20
1 7,01
1 6,88
1 7,06
1 6,89
1 6,85
1 6,87
1 6,02
1 7,03
1 7,12
1 7,11
SPMDv3_O2_24
0 58,75
0 58,06
0 57,41
0 57,70
0 58,32
0 57,90
0 58,06
0 57,85
0 58,01
0 57,47
SPMDv3_O2_28
0 52,60
0 52,38
0 51,51
0 51,53
0 52,11
0 51,79
0 52,10
0 52,15
0 51,66
0 53,45
SPMDv3_O2_32
0 42,49
0 42,53
0 42,76
0 42,81
0 42,48
1 3,18
0 42,53
0 42,58
0 42,71
0 42,50
SPMDv3_O2_36
0 42,07
0 42,82
0 43,17
0 43,72
0 43,58
0 42,40
0 43,81
0 43,54
0 43,60
0 42,67
SPMDv3_O2_40
0 35,86
0 35,77
0 36,02
0 36,31
0 35,81
0 35,98
0 36,54
0 35,84
0 35,59
0 35,68
SPMDv3_O2_44
0 38,86
0 38,98
0 40,71
0 38,62
0 39,64
0 39,56
0 40,04
0 40,50
0 38,70
0 39,51
SPMDv3_O2_48
0 30,73
0 30,74
0 30,77
0 31,16
0 30,70
0 30,99
0 30,78
0 30,76
0 31,18
0 30,78
SPMDv3_O2_52
0 36,34
0 36,24
0 37,49
0 36,84
0 36,69
0 36,44
0 37,86
0 36,96
0 36,92
SPMDv3_O2_52
0 37,19
0 36,50
SPMDv3_O2_56
0 27,35
0 27,34
0 27,38
0 27,33
0 27,29
0 27,39
0 27,53
0 27,34
0 27,37
0 27,34
SPMDv3_O2_60
0 27,33
0 27,68
0 27,98
0 27,95
0 27,28
0 27,98
0 27,62
0 27,32
0 26,96
0 27,62
SPMDv3_O2_64
0 25,19
0 25,12
0 25,09
0 25,24
0 25,14
0 25,12
0 25,20
0 25,13
0 25,14
0 25,21
0 25,05
0 25,13
SPMDv3_1
616 39
SPMDv3_8
80 39
80 38
80 43
SPMDv3_12
56 59,48
53 39,12
53 47,75
53 39,02
53 50,68
53 38,88
66 19,00
53 38,77
53 52,02
53 40,42
SPMDv3_16
40 25,46
40 25,52
40 24,70
42 55,57
40 25,97
40 24,77
40 36,70
46 14,72
40 23,27
43 57,30
SPMDv3_20
32 40,46
32 23,22
35 28,80
32 24,67
37 00,09
32 28,41
32 40,73
32 31,47
39 58,23
32 37,40
35 16,37
32 28,28
SPMDv3_24
29 31,13
30 46,98
27 12,84
27 3,52
29 19,49
29 16,65
29 20,50
26 57,84
28 33,93
30 44,34
SPMDv3_28
57 5,64
24 23,17
23 3,63
23 7,80
23 8,14
23 14,89
28 23,52
23 1,06
24 25,44
23 8,20
SPMDv3_32
21 27,98
22 3,77
24 58,17
20 15,63
25 1,05
20 23,27
24 58,34
23 18,39
25 0,22
22 0,02
SPMDv3_36
20 32,09
18 1,01
18 6,42
20 33,90
18 0,90
20 31,52
18 5,46
19 5,35
19 43,12
22 12,50
SPMDv3_40
16 20,56
16 16,56
16 17,41
17 46,79
18 38,84
16 17,01
17 38,55
17 40,03
18 39,79
18 32,49
SPMDv3_44
18 6,82
16 48,37
16 46,19
18 6,12
16 6,81
14 46,10
16 6,54
16 8,44
16 53,25
14 48,26
SPMDv3_48
SPMDv3_52
15 28,45
15 22,68
12 38,42
12 37,77
15 27,53
14 20,41
14 25,49
15 27,15
14 20,06
13 40,60
SPMDv3_56
14 14,80
12 13,21
12 31,46
11 34,32
14 12,59
13 17,03
14 38,48
13 16,28
14 13,47
14 10,49
SPMDv3_60
12 36,86
12 52,24
12 34,44
13 38,48
13 33,78
18 31,84
17 48,61
13 19,92
17 11,12
16 52,41
SPMDv3_64
16 50,00
16 45,69
16 59,04
16 42,61
17 2,38
16 41,60
16 37,69
16 40,50
16 36,40
16 53,24
