SPMD_O3_native_1
0 46,60
0 46,60
0 47,72
0 46,52
0 46,98
0 47,40
0 47,83
0 47,73
0 46,88
0 47,67
SPMD_O3_native_2
0 40,06
0 39,98
0 40,00
0 39,99
0 39,96
0 40,08
0 39,97
0 39,91
0 40,00
0 40,08
SPMD_O3_native_4
0 37,67
0 37,70
0 37,56
0 37,66
0 37,57
0 37,54
0 37,58
0 37,74
0 37,83
0 37,76
SPMD_O3_native_8
0 26,03
0 25,67
0 26,10
0 26,07
0 26,03
0 25,87
0 26,08
0 26,08
0 26,12
0 26,11
SPMD_O3_native_12
0 23,34
0 23,54
0 23,71
0 23,61
0 23,69
0 23,75
0 23,52
0 22,64
0 22,33
0 21,65
SPMD_O3_native_16
0 19,10
0 18,50
0 18,36
0 18,69
0 18,57
0 18,42
0 18,77
0 18,56
0 18,39
0 18,63
SPMD_O3_native_20
0 17,22
0 17,30
0 16,96
0 16,97
0 17,20
0 17,28
0 17,35
0 16,73
0 17,17
0 17,06
SPMD_O3_native_24
0 16,84
0 16,45
0 16,89
0 16,87
0 17,17
0 17,60
0 16,94
0 17,05
0 17,24
0 17,74
SPMD_O3_native_28
0 16,25
0 16,64
0 16,23
0 16,56
0 16,31
0 16,26
0 16,50
0 16,40
0 15,99
0 16,40
SPMD_O3_native_32
0 11,77
0 11,81
0 11,74
0 11,84
0 11,69
0 11,81
0 11,87
0 11,88
0 11,87
0 11,81
SPMD_O3_native_36
0 16,03
0 15,06
0 15,59
0 15,84
0 16,15
0 15,36
0 15,16
0 14,82
0 14,78
0 14,97
SPMD_O3_native_40
0 10,79
0 10,84
0 10,89
0 11,38
0 10,83
0 10,87
0 10,91
0 10,96
0 10,92
0 10,93
SPMD_O3_native_44
0 17,32
0 17,74
0 17,41
0 17,89
0 17,60
0 17,67
0 17,62
0 18,03
0 16,87
0 17,24
SPMD_O3_native_48
0 10,16
0 10,21
0 10,21
0 10,24
0 10,18
0 10,23
0 10,20
0 10,14
0 10,18
0 10,30
SPMD_O3_native_52
0 18,83
0 19,37
0 19,37
0 17,54
0 19,25
0 19,32
0 19,34
0 19,15
0 17,86
0 18,70
SPMD_O3_native_56
0 9,81
0 9,80
0 9,71
0 9,82
0 9,89
0 9,83
0 9,84
0 9,81
0 9,82
0 9,83
SPMD_O3_native_60
0 11,20
0 10,77
0 11,34
0 10,71
0 10,71
0 10,79
0 11,70
0 10,61
0 11,14
0 10,55
SPMD_O3_native_64
0 9,62
0 9,85
0 9,62
0 9,57
0 9,65
0 9,59
0 9,65
0 9,62
0 9,63
0 9,60
SPMD_O3_1
0 46,49
0 46,47
0 46,40
0 46,80
0 46,54
0 46,52
0 46,36
0 46,40
0 46,52
0 46,44
SPMD_O3_2
0 39,87
0 39,92
0 39,98
0 39,83
0 39,97
0 40,06
0 39,94
0 39,93
0 39,96
0 39,91
SPMD_O3_4
0 37,88
0 37,78
0 37,59
0 37,67
0 37,74
0 37,72
0 37,83
0 37,89
0 37,75
0 37,87
SPMD_O3_8
0 22,72
0 22,78
0 22,77
0 22,84
0 22,83
0 22,77
0 22,78
0 22,77
0 22,76
0 22,79
SPMD_O3_12
0 21,75
0 21,82
0 21,55
0 22,32
0 21,55
0 22,36
0 21,25
0 21,29
0 21,70
0 21,62
SPMD_O3_16
0 18,51
0 18,73
0 18,34
0 18,78
0 18,64
0 18,66
0 18,34
0 18,96
0 18,71
0 18,18
SPMD_O3_20
0 17,19
0 17,19
0 17,12
0 17,12
0 17,42
0 17,19
0 17,01
0 17,43
0 17,13
0 17,19
SPMD_O3_24
0 16,56
0 17,05
0 16,88
0 17,63
0 17,37
0 16,93
0 16,67
0 16,26
0 17,11
0 16,79
SPMD_O3_28
0 17,11
0 16,57
0 17,10
0 17,49
0 17,19
0 16,95
0 17,02
0 16,89
0 16,98
0 16,53
SPMD_O3_32
0 11,87
0 11,94
0 11,90
0 11,92
0 11,85
0 11,99
0 11,92
0 11,84
0 11,83
0 12,03
SPMD_O3_36
0 15,85
0 15,12
0 15,37
0 15,60
0 14,59
0 15,35
0 15,65
0 14,77
0 15,30
0 15,33
SPMD_O3_40
0 10,98
0 10,97
0 11,39
0 10,92
0 10,85
0 10,85
0 10,79
0 10,86
0 10,84
0 11,02
SPMD_O3_44
0 17,68
0 18,13
0 17,36
0 18,30
0 19,54
0 17,80
0 17,90
0 17,19
0 18,07
0 16,15
SPMD_O3_48
0 10,21
0 10,15
0 10,29
0 10,17
0 10,23
0 10,19
0 12,11
0 10,11
0 10,20
0 10,23
SPMD_O3_52
0 18,75
0 18,76
0 18,89
0 19,36
0 18,36
0 18,27
0 20,19
0 19,14
0 18,84
0 19,66
SPMD_O3_56
0 9,81
0 9,86
0 9,85
0 9,79
0 9,81
0 9,78
0 9,79
0 9,81
0 9,85
0 9,87
SPMD_O3_60
0 10,67
0 10,74
0 11,26
0 10,47
0 10,48
0 10,74
0 10,89
0 10,86
0 10,35
0 11,24
SPMD_O3_64
0 9,53
0 9,56
0 9,62
0 9,57
0 9,60
0 9,61
0 9,57
0 9,52
0 9,59
0 9,62
SPMD_O2_1
2 0,53
2 0,81
2 0,50
2 0,67
2 0,58
2 0,61
2 0,65
2 0,53
2 0,68
2 0,60
SPMD_O2_2
1 4,56
1 4,59
1 4,57
1 4,62
1 4,61
1 4,59
1 4,55
1 4,55
1 4,60
1 4,59
SPMD_O2_4
0 41,25
0 41,19
0 41,51
0 41,30
0 41,51
0 41,33
0 41,22
0 46,65
0 41,34
0 41,43
SPMD_O2_8
0 31,50
0 30,79
0 30,43
0 31,53
0 30,97
0 30,73
0 31,19
0 31,79
0 30,87
0 31,07
SPMD_O2_12
0 28,83
0 26,79
0 26,96
0 27,45
0 28,26
0 27,40
0 27,98
0 27,64
0 27,79
0 27,67
SPMD_O2_16
0 25,28
0 25,17
0 25,12
0 24,67
0 25,53
0 25,07
0 24,58
0 25,90
0 25,33
0 24,75
SPMD_O2_20
0 22,90
0 22,87
0 22,47
0 22,67
0 21,83
0 22,74
0 22,61
0 22,62
0 22,72
0 23,00
SPMD_O2_24
0 21,21
0 20,35
0 22,15
0 21,70
0 22,21
0 21,65
0 22,38
0 22,09
0 22,63
0 20,95
SPMD_O2_28
0 20,37
0 20,26
0 20,57
0 20,09
0 20,69
0 20,81
0 20,49
0 20,41
0 20,59
0 20,87
SPMD_O2_32
0 14,70
0 15,04
0 14,78
0 14,68
0 14,91
0 14,94
0 14,69
0 14,88
0 14,41
0 14,62
SPMD_O2_36
0 17,86
0 17,01
0 16,52
0 16,68
0 17,89
0 17,71
0 17,84
0 17,14
0 17,09
0 18,65
SPMD_O2_40
0 14,54
0 14,69
0 14,25
0 14,72
0 14,43
0 14,52
0 14,66
0 14,57
0 14,45
0 15,00
SPMD_O2_44
0 17,66
0 18,63
0 18,60
0 17,94
0 18,36
0 18,24
0 17,92
0 18,49
0 18,10
0 19,29
SPMD_O2_48
0 13,38
0 12,97
0 12,95
0 13,26
0 13,02
0 13,53
0 13,25
0 12,91
0 13,16
0 11,87
???SPMD_02_52 - SPMD_02_56 - SPMD_02_60 - SPMD_02_64
SPMD_1
8 15,53
8 16,15
8 16,28
8 16,46
8 16,15
8 16,47
8 16,54
8 16,33
8 16,39
8 16,49
SPMD_2
4 14,89
4 14,92
4 15,05
4 15,07
4 14,86
4 14,89
4 14,95
4 14,82
4 14,87
4 14,78
SPMD_4
2 10,87
2 10,97
2 11,15
2 10,91
2 28,79
2 10,88
2 10,85
2 10,81
2 11,09
2 10,85
SPMD_8
1 12,72
1 12,68
1 18,71
1 12,79
1 12,69
1 12,70
1 15,52
1 22,57
1 12,63
1 14,85
SPMD_12
0 55,99
0 55,29
0 58,50
0 54,85
0 59,61
0 56,38
0 56,08
0 54,87
0 55,59
0 56,37
SPMD_16
0 45,78
0 45,62
0 45,76
0 45,52
0 47,36
0 45,71
0 45,84
0 45,58
0 45,69
0 45,79
SPMD_20
0 40,84
0 41,60
0 39,18
0 40,26
0 41,83
0 39,37
0 39,17
0 39,52
0 39,29
0 39,19
SPMD_24
0 37,82
0 34,37
0 34,22
0 35,27
0 34,74
0 35,94
0 34,32
0 34,95
0 35,53
0 36,81
SPMD_28
0 31,85
0 31,78
0 31,73
0 32,06
0 32,01
0 31,87
0 32,56
0 32,10
0 31,82
0 32,02
SPMD_32
0 25,27
0 25,54
0 25,46
0 25,92
0 25,71
0 25,50
0 25,12
0 26,60
0 25,28
0 25,12
SPMD_36
0 27,51
0 27,04
0 27,81
0 26,61
0 27,03
0 27,69
0 28,09
0 28,30
0 28,30
0 28,36
SPMD_40
0 22,30
0 22,33
0 22,05
0 21,87
0 22,13
0 22,33
0 22,85
0 22,67
0 22,09
0 22,23
SPMD_44
0 26,72
0 26,17
0 26,42
0 26,90
0 27,91
0 27,24
0 26,50
0 27,19
0 26,96
0 49,11
SPMD_48
0 19,24
0 19,39
0 19,54
0 19,75
0 19,21
0 19,26
0 19,32
0 19,32
0 19,32
0 19,78
SPMD_52
0 25,12
0 25,55
0 25,35
0 25,89
0 26,33
0 25,04
0 25,77
0 25,36
0 25,42
0 25,59
SPMD_56
0 17,55
0 18,44
0 17,56
0 17,92
0 17,58
0 17,60
0 17,67
0 18,27
0 17,57
0 17,80
SPMD_60
0 18,56
0 19,12
0 19,37
0 19,19
0 19,57
0 19,45
0 19,66
0 18,57
0 19,14
0 19,55
SPMD_64
0 16,42
0 16,72
0 16,52
0 16,60
0 16,55
0 16,60
0 16,52
0 16,83
0 16,53
0 16,69
