DAC_O3_native_1
9 58,26
9 58,08
9 58,04
9 58,13
9 58,05
9 58,06
9 58,18
9 58,19
9 58,26
9 58,09
DAC_O3_native_2
5 5,78
5 5,76
5 5,70
5 5,72
5 5,77
5 5,71
5 5,66
5 5,67
5 5,70
5 5,70
DAC_O3_native_4
2 36,59
2 36,55
2 36,51
2 36,57
2 36,53
2 36,53
2 36,63
2 36,48
2 36,53
2 36,52
DAC_O3_native_8
1 18,86
1 18,84
1 18,84
1 18,87
1 18,87
1 18,89
1 18,87
1 18,85
1 18,87
1 18,84
DAC_O3_native_16
0 39,80
0 39,83
0 39,78
0 39,83
0 39,82
0 39,80
0 39,80
0 39,83
0 39,84
0 39,81
DAC_O3_native_32
0 20,61
0 20,64
0 20,59
0 20,63
0 20,64
0 20,61
0 20,64
0 20,63
0 20,63
0 20,61
DAC_O3_native_64
0 11,46
0 11,44
0 11,49
0 11,47
0 11,47
0 11,45
0 11,42
0 11,44
0 11,43
0 11,45
DAC_O3_1
8 43,53
8 43,49
8 43,99
8 43,49
8 43,50
8 43,60
8 43,49
8 43,54
8 43,59
8 43,51
DAC_O3_2
4 27,66
4 27,66
4 27,66
4 27,65
4 27,63
4 27,65
4 27,64
4 27,66
4 27,64
4 27,64
DAC_O3_4
2 17,06
2 17,07
2 17,05
2 17,11
2 17,09
2 17,08
2 17,05
2 17,01
2 17,01
2 17,04
DAC_O3_8
1 9,12
1 9,13
1 9,14
1 9,10
1 9,15
1 9,14
1 9,12
1 9,13
1 9,18
1 9,12
DAC_O3_16
0 34,97
0 34,95
0 34,94
0 34,92
0 34,94
0 34,92
0 34,94
0 34,92
0 34,93
0 34,96
DAC_O3_32
0 18,17
0 18,24
0 18,27
0 18,18
0 18,18
0 18,22
0 18,18
0 18,18
0 18,19
0 18,20
DAC_O3_64
0 10,26
0 10,28
0 10,23
0 10,19
0 10,08
0 10,22
0 10,24
0 10,21
0 10,22
0 10,26
DAC_O2_1
8 41,99
8 41,89
8 41,97
8 42,12
8 42,17
8 42,05
8 41,93
8 41,97
8 42,16
8 42,39
DAC_O2_2
4 27,65
4 27,29
4 27,41
4 27,61
4 27,37
4 27,59
4 27,64
4 27,65
4 27,65
4 27,39
DAC_O2_4
2 17,06
2 17,03
2 17,05
2 17,05
2 16,89
2 16,97
2 16,99
2 17,01
2 16,83
2 17,01
DAC_O2_8
1 9,16
1 9,11
1 9,13
1 9,10
1 9,09
1 9,09
1 9,16
1 9,11
1 9,09
1 9,12
DAC_O2_16
0 35,08
0 35,04
0 34,93
0 34,91
0 34,93
0 34,94
0 34,93
0 34,91
0 34,92
0 34,92
DAC_O2_32
0 18,20
0 18,19
0 18,18
0 18,23
0 18,19
0 18,16
0 18,07
0 18,07
0 18,18
0 18,18
DAC_O2_64
0 10,22
0 10,20
0 10,25
0 10,22
0 10,22
0 10,38
0 10,22
0 10,22
0 10,22
0 10,23
DAC_1
21 32,25
21 32,63
21 32,62
21 32,74
21 32,39
21 32,44
26 18,78
21 32,43
21 32,34
21 32,50
DAC_2
11 0,81
11 0,83
11 0,82
11 0,77
11 0,79
11 0,83
11 0,82
11 0,77
11 0,85
11 0,77
DAC_4
5 38,24
5 38,27
5 38,36
5 38,24
5 38,25
5 38,35
5 38,38
5 38,34
5 38,23
5 38,26
DAC_8
3 26,77
2 49,77
2 49,76
2 49,78
2 49,70
2 49,90
2 55,34
2 49,74
2 49,80
2 49,79
DAC_16
1 25,22
1 25,27
1 25,33
1 25,38
1 25,41
1 25,33
1 25,41
1 25,49
1 25,50
1 25,65
DAC_32
0 43,42
0 43,51
0 43,36
0 43,43
0 43,28
0 43,45
0 43,35
0 43,40
0 52,66
0 51,25
DAC_64
0 22,78
0 22,81
0 22,84
0 27,45
0 22,81
0 22,85
0 22,80
0 26,74
0 22,77
0 22,79
DAC_O3_native_128
0 9,57
0 9,98
0 9,64
0 9,65
0 9,55
0 9,57
0 9,57
0 9,54
0 9,64
0 9,58
DAC_O3_native_256
0 11,07
0 11,18
0 11,38
0 10,64
0 12,80
0 10,78
0 10,68
0 10,67
0 11,03
0 10,53
DAC_O3_128
0 10,94
0 10,65
0 10,94
0 10,90
0 10,94
0 11,03
0 11,06
0 11,09
0 11,08
0 11,10
DAC_O3_256
0 11,14
0 11,11
0 10,45
0 10,77
0 10,63
0 10,57
0 10,86
0 10,56
0 10,98
0 10,58
DAC_O2_128
0 11,09
0 11,20
0 10,93
0 10,84
0 10,96
0 11,02
0 10,95
0 10,75
0 11,04
0 10,80
DAC_O2_256
0 10,88
0 11,13
0 10,98
0 10,54
0 10,73
0 10,55
0 10,59
0 10,73
0 10,83
0 10,53
DAC_128
0 25,88
0 25,69
0 25,32
0 25,05
0 24,00
0 25,67
0 25,36
0 25,76
0 25,04
0 24,99
DAC_256
0 24,93
0 24,75
0 24,38
0 24,77
0 25,05
0 24,78
0 24,44
0 24,65
0 25,04
0 24,79