MaterSlave_O3_native_2b
9 9,12
9 9,17
9 9,13
9 9,01
9 9,02
9 9,09
9 8,91
9 9,07
9 9,18
9 9,21
MaterSlave_O3_native_3
4 40,94
4 40,96
4 40,94
4 40,98
4 40,86
4 40,86
4 40,92
4 40,97
4 40,93
4 40,95
MaterSlave_O3_native_5
2 24,16
2 24,18
2 24,18
2 24,21
2 24,20
2 24,18
2 24,20
2 24,18
2 24,21
2 24,18
MaterSlave_O3_native_9
1 12,84
1 12,94
1 12,85
1 12,84
1 12,86
1 12,86
1 12,88
1 12,86
1 12,86
1 12,87
MaterSlave_O3_native_13
0 49,08
0 49,18
0 49,21
0 49,17
0 49,09
0 49,18
0 49,09
0 49,11
0 49,07
0 49,21
MaterSlave_O3_native_17
0 37,01
0 36,94
0 36,95
0 36,95
0 36,91
0 36,96
0 36,94
0 36,98
0 36,92
0 36,97
MaterSlave_O3_native_21
0 29,78
0 29,78
0 29,77
0 29,76
0 29,77
0 29,76
0 29,77
0 29,79
0 29,76
0 29,76
MaterSlave_O3_native_25
0 25,69
0 25,58
0 25,58
0 25,62
0 25,57
0 25,61
0 25,62
0 25,52
0 25,63
0 25,60
MaterSlave_O3_native_29
0 21,74
0 21,72
0 21,69
0 21,76
0 21,72
0 21,73
0 21,74
0 21,71
0 21,73
0 21,74
MaterSlave_O3_native_33
0 19,35
0 19,22
0 19,36
0 19,30
0 19,29
0 19,24
0 19,25
0 19,25
0 19,28
0 19,28
MaterSlave_O3_native_37
0 17,70
0 17,67
0 17,65
0 17,65
0 17,71
0 17,69
0 17,66
0 17,70
0 17,65
0 17,64
MaterSlave_O3_native_41
0 16,08
0 16,12
0 16,16
0 16,16
0 16,17
0 16,11
0 16,17
0 16,19
0 16,19
0 16,08
MaterSlave_O3_native_45
0 14,80
0 14,78
0 14,76
0 14,77
0 14,77
0 14,81
0 14,78
0 14,79
0 14,78
0 14,81
MaterSlave_O3_native_49
0 13,86
0 13,91
0 13,92
0 13,93
0 13,88
0 13,88
0 13,91
0 13,91
0 13,89
0 13,89
MaterSlave_O3_native_53
0 13,14
0 13,15
0 13,14
0 13,14
0 13,13
0 13,15
0 13,16
0 13,12
0 13,16
0 13,12
MaterSlave_O3_native_57
0 12,42
0 12,41
0 12,45
0 12,41
0 12,41
0 12,39
0 12,43
0 12,44
0 12,41
0 12,38
MaterSlave_O3_native_61
0 11,83
0 11,82
0 11,78
0 11,79
0 11,82
0 11,76
0 11,79
0 11,79
0 11,80
0 11,81
MaterSlave_O3_2b
9 37,33
9 37,21
9 37,43
9 37,15
9 36,88
9 37,22
9 36,98
9 37,07
9 37,50
9 40,61
MaterSlave_O3_3
4 55,70
4 55,31
4 55,37
4 55,39
4 55,35
4 55,31
4 55,31
4 55,43
4 55,33
4 55,36
MaterSlave_O3_5
2 31,80
2 31,73
2 31,75
2 31,76
2 31,76
2 31,71
2 31,74
2 31,75
2 31,78
2 31,66
MaterSlave_O3_9
1 16,56
1 16,58
1 16,59
1 16,61
1 16,66
1 16,59
1 16,57
1 16,61
1 16,59
1 16,57
MaterSlave_O3_13
0 51,61
0 51,60
0 51,61
0 51,61
0 51,59
0 51,57
0 51,59
0 51,59
0 51,61
0 51,73
MaterSlave_O3_17
0 38,85
0 38,86
0 38,81
0 38,85
0 38,84
0 38,82
0 38,84
0 38,84
0 38,89
0 38,80
MaterSlave_O3_21
0 31,36
0 31,31
0 31,33
0 31,44
0 31,27
0 31,28
0 31,31
0 31,46
0 31,29
0 31,68
MaterSlave_O3_25
0 26,87
0 26,79
0 26,88
0 26,84
0 26,86
0 26,92
0 26,90
0 26,90
0 26,85
0 26,91
MaterSlave_O3_29
0 22,77
0 22,79
0 22,83
0 22,79
0 22,83
0 22,82
0 22,80
0 22,76
0 22,88
0 22,83
MaterSlave_O3_33
0 20,20
0 20,26
0 20,26
0 20,20
0 20,21
0 20,24
0 20,23
0 20,22
0 20,21
0 20,19
MaterSlave_O3_37
0 18,53
0 18,50
0 18,48
0 18,50
0 18,49
0 18,50
0 18,53
0 18,51
0 18,51
0 18,51
MaterSlave_O3_41
0 16,91
0 16,85
0 16,95
0 16,94
0 16,91
0 16,88
0 16,94
0 16,89
0 16,93
0 16,91
MaterSlave_O3_45
0 15,48
0 15,50
0 15,47
0 15,47
0 15,43
0 15,44
0 15,46
0 15,45
0 15,46
0 15,48
MaterSlave_O3_49
0 14,58
0 14,58
0 14,57
0 14,59
0 14,55
0 14,58
0 14,58
0 14,56
0 14,52
0 14,57
MaterSlave_O3_53
0 15,72
0 13,73
0 13,72
0 13,72
0 13,74
0 13,71
0 13,73
0 13,72
0 13,70
0 13,78
MaterSlave_O3_57
0 12,96
0 12,88
0 12,99
0 12,98
0 12,98
0 12,97
0 12,97
0 12,96
0 12,99
0 12,96
MaterSlave_O3_61
0 12,30
0 12,30
0 12,25
0 12,31
0 12,32
0 12,31
0 12,36
0 12,34
0 12,29
0 12,31
MaterSlave_O2_2b
9 37,26
9 37,11
9 37,15
9 37,09
9 37,38
9 36,78
9 37,36
9 37,04
9 37,08
9 37,27
MaterSlave_O2_3
4 55,53
4 55,60
4 55,74
4 55,77
4 55,72
4 55,75
4 55,37
4 55,64
4 55,88
4 55,71
MaterSlave_O2_5
2 31,75
2 31,71
2 31,79
2 31,79
2 31,71
2 31,73
2 31,70
2 31,82
2 31,76
2 31,76
MaterSlave_O2_9
1 16,59
1 16,60
1 16,57
1 16,59
1 16,58
1 16,59
1 16,77
1 16,62
1 16,56
1 16,62
MaterSlave_O2_13
0 51,61
0 51,60
0 51,60
0 51,68
0 51,58
0 51,59
0 51,64
0 51,65
0 51,66
0 51,59
MaterSlave_O2_17
0 38,85
0 38,83
0 38,83
0 38,84
0 38,82
0 38,81
0 38,80
0 38,82
0 38,85
0 38,81
MaterSlave_O2_21
0 31,25
0 31,27
0 31,22
0 31,30
0 31,25
0 31,26
0 31,25
0 31,29
0 31,32
0 31,25
MaterSlave_O2_25
0 26,87
0 26,87
0 26,89
0 26,84
0 26,91
0 26,88
0 26,89
0 26,88
0 26,91
0 26,88
MaterSlave_O2_29
0 22,83
0 22,76
0 22,80
0 22,85
0 22,89
0 22,77
0 22,83
0 22,84
0 22,83
0 22,81
MaterSlave_O2_33
0 20,19
0 20,21
0 20,22
0 20,21
0 20,24
0 20,19
0 20,24
0 20,23
0 20,24
0 20,21
MaterSlave_O2_37
0 18,47
0 18,54
0 18,52
0 18,54
0 18,51
0 18,59
0 18,52
0 18,48
0 18,52
0 18,54
MaterSlave_O2_41
0 16,93
0 16,98
0 16,94
0 16,88
0 16,96
0 16,94
0 16,89
0 16,89
0 16,92
0 16,98
MaterSlave_O2_45
0 15,46
0 15,47
0 15,50
0 15,48
0 15,43
0 15,45
0 15,43
0 15,47
0 15,49
0 15,47
MaterSlave_O2_49
0 14,51
0 14,55
0 14,52
0 14,60
0 14,56
0 14,52
0 14,58
0 14,55
0 14,44
0 14,55
MaterSlave_O2_53
0 13,69
0 13,78
0 13,72
0 13,78
0 13,73
0 13,71
0 13,74
0 13,70
0 13,75
0 13,69
MaterSlave_O2_57
0 12,98
0 12,96
0 12,93
0 12,95
0 13,00
0 12,99
0 12,97
0 12,94
0 12,98
0 12,97
MaterSlave_O2_61
0 12,32
0 12,34
0 12,29
0 12,30
0 12,33
0 12,34
0 12,30
0 12,32
0 12,35
0 12,29
MaterSlave_2b
24 0,59
24 0,83
24 0,94
24 0,64
24 0,64
24 0,73
24 0,58
24 1,08
24 1,01
24 0,25
MaterSlave_3
12 16,97
12 16,71
12 16,71
MaterSlave_O3_native_129
0 11,94
0 12,00
0 12,04
0 12,00
0 12,03
0 12,04
0 12,01
0 12,04
0 12,04
0 12,04
MaterSlave_O3_129
0 12,19
0 12,17
0 12,25
0 12,27
0 12,25
0 12,28
0 12,28
0 12,28
0 12,29
0 12,28
MaterSlave_O2_129
0 12,29
0 12,28
0 12,29
0 12,29
0 12,26
0 12,30
0 12,31
0 12,31
0 12,31
0 12,32
MaterSlave_129
0 24,56
0 24,58
0 24,95
0 25,14
0 25,12
0 25,11
0 25,09
0 25,08
0 25,14
0 25,13
MaterSlave_O3_native_257
0 14,71
0 14,20
0 14,25
0 14,70
MaterSlave_O3_257
0 14,44
0 14,91
0 14,60
0 14,74
0 14,94
MaterSlave_O2_257
0 14,61
0 14,63
MaterSlave_257
0 30,04
0 28,04
0 28,34
0 28,64
0 29,21
0 28,64
0 28,50
0 29,65
0 28,10
