DAC_O3_native_1
9 58,35
9 58,24
9 58,22
9 58,24
9 58,67
9 58,21
9 58,80
9 58,28
9 58,16
9 58,32
DAC_O3_native_2
5 5,70
5 5,74
5 5,73
5 5,77
5 5,80
5 5,73
5 5,84
5 5,76
5 5,77
5 5,69
DAC_O3_native_4
2 36,49
2 36,54
2 36,54
2 36,49
2 36,49
2 36,52
2 36,49
2 36,50
2 36,52
2 36,59
DAC_O3_native_8
1 18,85
1 19,16
1 18,85
1 18,91
1 18,90
1 18,87
1 18,89
1 18,88
1 18,87
1 18,87
DAC_O3_native_16
0 39,82
0 39,84
0 39,83
0 39,96
0 39,96
0 39,86
0 39,83
0 39,82
0 39,81
0 39,97
DAC_O3_native_32
0 20,63
0 20,64
0 20,62
0 20,71
0 20,62
0 20,66
0 20,66
0 20,67
0 20,51
0 20,68
DAC_O3_native_64
0 11,47
0 11,48
0 11,61
0 11,52
0 11,48
0 11,46
0 11,47
0 11,48
0 11,51
0 11,48
DAC_O3_1
8 43,88
8 43,68
8 43,56
8 43,72
8 45,12
8 43,69
8 43,63
8 44,32
8 43,71
8 44,55
DAC_O3_2
4 27,69
4 27,79
4 27,72
4 27,75
4 27,68
4 27,70
4 27,71
4 27,68
4 27,75
4 27,77
DAC_O3_4
2 17,08
2 17,04
2 17,20
2 17,04
2 17,05
2 17,04
2 17,06
2 17,09
2 17,18
2 17,05
DAC_O3_8
1 9,13
1 9,17
1 9,13
1 9,14
1 9,17
1 9,14
1 9,15
1 9,13
1 9,18
1 9,14
DAC_O3_16
0 34,93
0 34,96
0 34,96
0 34,94
0 34,95
0 34,97
0 34,96
0 35,14
0 34,97
0 34,93
DAC_O3_32
0 18,20
0 18,24
0 18,26
0 18,19
0 18,21
0 18,18
0 18,10
0 18,23
0 18,20
0 18,21
DAC_O3_64
0 10,26
0 10,26
0 10,27
0 10,28
0 10,24
0 10,26
0 10,30
0 10,25
0 10,24
0 10,26
DAC_O2_1
8 43,83
8 43,53
8 43,71
8 44,11
8 44,15
8 43,62
8 43,64
8 43,66
8 43,42
8 43,67
DAC_O2_2
4 27,75
4 27,63
4 27,69
4 27,70
4 27,71
4 27,64
4 27,68
4 27,65
4 27,69
4 27,63
DAC_O2_4
2 17,02
2 17,02
2 17,04
2 17,07
2 17,07
2 17,00
2 17,09
2 17,13
2 17,12
2 17,01
DAC_O2_8
1 9,13
1 9,15
1 9,15
1 9,14
1 9,13
1 9,10
1 9,14
1 9,17
1 9,13
1 9,26
DAC_O2_16
0 34,95
0 35,01
0 34,93
0 34,95
0 34,95
0 34,95
0 35,08
0 35,06
0 34,94
0 34,95
DAC_O2_32
0 18,20
0 18,21
0 18,19
0 18,21
0 18,19
0 18,21
0 18,22
0 18,19
0 18,15
0 18,24
DAC_O2_64
0 10,25
0 10,25
0 10,23
0 10,29
0 10,25
0 10,31
0 10,27
0 10,26
0 10,29
0 10,24
DAC_1
21 32,77
21 33,68
21 32,55
21 32,72
21 33,14
21 32,84
21 33,49
21 32,85
21 33,49
21 36,05
DAC_2
11 0,91
11 0,93
11 0,96
11 0,89
11 0,97
11 0,96
11 0,97
11 0,96
11 0,88
11 0,87
DAC_4
5 38,71
5 38,34
5 38,20
5 38,23
5 38,24
5 38,27
5 38,27
5 38,58
5 38,24
5 38,19
DAC_8
3 22,00
2 50,08
2 49,74
2 49,72
2 49,77
2 49,74
2 49,71
2 49,75
2 49,73
2 49,73
DAC_16
1 25,24
1 25,26
1 25,25
1 25,49
1 25,75
1 25,79
1 25,96
1 25,93
1 26,65
1 44,78
DAC_32
0 43,37
0 43,40
0 51,38
0 51,37
0 51,33
0 43,31
0 43,35
0 43,44
0 43,37
0 43,38
DAC_64
0 22,83
0 22,82
0 22,86
0 22,81
0 22,89
0 22,84
0 22,84
0 22,81
0 26,86
0 26,80
