SPMD_O3_native_1
0 46,69
0 46,43
0 46,78
0 45,45
0 46,64
0 46,62
0 45,58
0 46,44
0 46,56
0 45,86
SPMD_O3_native_2
0 39,49
0 39,55
0 39,65
0 39,62
0 39,75
0 39,69
0 39,72
0 39,64
0 39,67
0 39,74
SPMD_O3_native_4
0 37,52
0 37,58
0 37,38
0 37,54
0 37,36
0 37,51
0 37,41
0 37,20
0 37,29
0 37,45
SPMD_O3_native_8
0 22,76
0 22,69
0 22,52
0 22,60
0 22,55
0 22,51
0 22,68
0 22,66
0 22,65
0 22,61
SPMD_O3_native_12
0 22,07
0 21,86
0 22,13
0 21,74
0 21,61
0 22,18
0 22,31
0 21,97
0 22,01
0 22,83
SPMD_O3_native_16
0 18,43
0 18,23
0 18,33
0 18,67
0 18,20
0 18,25
0 18,11
0 18,48
0 18,38
0 18,19
SPMD_O3_native_20
0 17,31
0 17,23
0 17,14
0 16,98
0 17,04
0 17,63
0 17,19
0 16,97
0 17,20
0 17,22
SPMD_O3_native_24
0 17,24
0 17,12
0 17,03
0 16,69
0 16,78
0 17,05
0 17,45
0 17,13
0 17,02
0 16,11
SPMD_O3_native_28
0 16,98
0 16,34
0 15,95
0 16,23
0 17,11
0 17,34
0 16,75
0 17,12
0 16,32
0 17,06
SPMD_O3_native_32
0 11,86
0 12,04
0 11,92
0 11,74
0 11,74
0 11,78
0 11,75
0 11,89
0 11,82
0 11,78
SPMD_O3_native_36
0 15,95
0 14,99
0 14,95
0 14,69
0 14,91
0 15,47
0 15,36
0 15,26
0 14,92
0 15,19
SPMD_O3_native_40
0 10,88
0 11,00
0 10,92
0 10,88
0 10,88
0 10,90
0 10,85
0 11,03
0 10,86
0 10,89
SPMD_O3_native_44
0 17,67
0 18,41
0 17,23
0 18,11
0 18,00
0 17,00
0 17,20
0 17,95
0 16,85
0 18,66
SPMD_O3_native_48
0 10,34
0 10,09
0 10,11
0 10,25
0 10,16
0 10,23
0 10,19
0 10,20
0 10,17
SPMD_O3_1
0 45,83
0 45,70
0 45,80
0 45,61
0 45,16
0 45,67
0 45,03
0 45,03
0 45,67
0 45,55
SPMD_O3_2
0 39,62
0 39,59
0 39,82
0 39,70
0 39,67
0 39,64
0 39,67
0 39,71
0 39,68
0 39,67
SPMD_O3_4
0 37,50
0 37,40
0 37,45
0 37,50
0 37,49
0 37,42
0 37,38
0 37,34
0 37,50
0 37,54
SPMD_O3_8
0 22,70
0 22,88
0 22,68
0 22,75
0 22,77
0 22,85
0 22,82
0 22,68
0 22,68
0 22,65
SPMD_O3_12
0 22,02
0 21,55
0 21,87
0 21,56
0 21,38
0 21,84
0 22,05
0 21,82
0 21,71
0 22,03
SPMD_O3_16
0 18,24
0 18,44
0 18,37
0 18,36
0 18,10
0 18,30
0 18,29
0 18,73
0 18,28
0 18,33
SPMD_O3_20
0 17,07
0 16,96
0 17,11
0 16,94
0 17,14
0 17,10
0 17,21
0 17,95
0 17,03
SPMD_O3_24
0 16,39
0 17,56
0 16,70
0 17,01
0 17,82
0 17,10
0 17,25
0 16,59
0 16,82
0 17,23
SPMD_O3_28
0 16,31
0 16,43
0 16,69
0 16,70
0 16,65
0 16,30
0 17,00
0 16,93
0 16,68
0 16,66
SPMD_O3_32
0 11,85
0 11,83
0 11,79
0 11,67
0 11,79
0 11,82
0 11,66
0 11,66
0 11,69
0 11,64
SPMD_O3_36
0 15,16
0 15,46
0 15,67
0 15,98
0 15,66
0 15,28
0 16,51
0 16,14
0 15,47
0 15,26
SPMD_O3_40
0 10,99
0 10,87
0 10,92
0 10,97
0 10,79
0 10,86
0 10,84
0 10,97
0 10,87
0 10,81
SPMD_O3_44
0 17,73
0 17,85
0 17,66
0 18,32
0 17,72
0 18,09
0 17,75
0 17,89
0 18,13
0 17,51
SPMD_O3_48
0 10,11
0 10,12
0 10,17
0 10,26
0 10,20
0 10,10
0 10,13
0 10,21
0 10,20
0 10,15
SPMD_O2_1
2 0,93
2 0,67
2 0,67
2 0,35
2 0,41
2 0,48
2 0,40
2 0,40
2 0,62
2 0,67
SPMD_O2_2
1 4,78
1 20,64
1 4,58
1 4,97
1 4,57
1 4,72
1 20,62
1 4,60
1 4,59
1 15,11
SPMD_O2_4
0 41,81
0 41,40
0 41,22
0 41,51
0 41,77
0 41,33
0 41,63
0 41,27
0 41,30
0 41,29
SPMD_O2_8
0 26,18
0 26,42
0 26,23
0 26,18
0 26,35
0 26,52
0 29,52
0 26,31
0 26,40
0 26,32
SPMD_O2_12
0 24,46
0 23,72
0 25,01
0 25,03
0 24,81
0 25,15
0 24,48
0 24,36
0 24,85
0 25,61
SPMD_O2_16
0 22,87
0 21,63
0 21,52
0 21,51
0 21,46
0 21,65
0 21,33
0 21,57
0 21,36
0 21,41
SPMD_O2_20
0 19,67
0 19,95
0 19,92
0 19,78
0 19,90
0 20,01
0 20,76
0 19,91
0 19,88
0 19,78
SPMD_O2_24
0 19,18
0 19,23
0 18,91
0 19,32
0 18,73
0 18,46
0 19,59
0 18,32
0 18,87
0 18,09
SPMD_O2_28
0 17,93
0 19,06
0 18,67
0 18,38
0 18,38
0 19,03
0 18,32
0 18,41
0 18,80
0 18,40
SPMD_O2_32
0 13,33
0 13,60
0 13,16
0 13,66
0 13,19
0 13,21
0 12,98
0 13,15
0 13,20
SPMD_O2_36
0 17,50
0 16,59
0 16,84
0 17,87
0 17,65
0 16,16
0 16,69
0 17,11
0 18,10

SPMD_O2_40
0 12,14
0 12,51
0 12,28
0 12,58
0 12,09
0 12,17
0 12,43
0 12,07
0 12,18
0 12,39
SPMD_O2_44
0 17,95
0 17,86
0 17,60
0 18,24
0 18,13
0 17,86
0 18,03
0 17,92
0 18,42
0 17,54
SPMD_O2_48
0 11,47
0 11,23
0 11,38
0 11,20
0 11,21
0 11,26
0 11,48
0 11,48
0 11,25
0 11,21

SPMD_1
8 16,80
8 16,75
8 57,56
8 16,47
8 16,45
8 15,97
8 15,70
8 16,18
8 16,40
8 16,07
SPMD_2
4 14,97
4 14,97
4 14,96
4 38,05
4 14,98
4 29,59
4 15,08
4 49,71
4 15,05
4 14,90
SPMD_4
2 10,83
2 10,92
2 21,21
2 10,86
2 10,80
2 10,85
2 11,59
2 10,80
2 11,07
2 10,83
SPMD_8
1 12,77
1 12,68
1 13,21
1 15,41
1 12,80
1 12,69
1 12,67
1 12,74
1 12,72
1 14,43
SPMD_12
0 57,76
0 56,33
0 57,06
0 55,63
0 56,14
0 55,23
0 57,46
0 55,18
0 57,71
0 56,23
SPMD_16
0 45,53
0 45,65
0 45,78
0 45,66
0 47,08
0 45,78
0 45,61
0 45,64
0 46,03
0 46,08
SPMD_20
0 39,25
0 40,13
0 39,17
0 39,08
0 40,26
0 39,28
0 39,27
0 41,05
0 39,26
0 39,18
SPMD_24
0 35,36
0 35,22
0 35,21
0 38,47
0 34,46
0 35,35
0 35,79
0 35,54
0 35,31
0 35,05
SPMD_28
0 31,95
0 32,39
0 31,85
0 31,98
0 31,91
0 31,95
0 33,15
0 32,39
0 33,66
0 33,06
SPMD_32
0 25,32
0 25,44
0 25,76
0 25,24
0 26,18
0 25,24
0 25,52
0 26,60
0 25,57
0 25,35
SPMD_36
0 28,28
0 28,48
0 27,16
0 28,48
0 41,38
0 26,74
0 27,15
0 27,70
0 29,21
0 27,39
SPMD_40
0 22,43
0 22,44
0 21,77
0 22,66
0 21,99
0 22,01
0 21,99
0 22,27
0 22,58
0 22,59
SPMD_44
0 26,73
0 28,07
0 26,31
0 27,35
0 26,83
0 26,74
0 26,33
0 26,96
0 26,53
0 27,99
SPMD_48
0 20,34
0 19,20
0 19,49
0 19,33
0 19,43
0 19,34
0 20,02
0 19,33
0 20,62
0 19,25
SPMD_O3_native_48
0 10,17
0 10,17
SPMD_O3_native_52
0 18,82
0 18,80
0 18,77
0 18,71
0 19,10
0 19,14
0 19,52
0 19,88
0 19,45
0 18,78
SPMD_O3_native_56
0 9,82
0 9,81
0 9,88
0 9,83
0 9,85
0 9,79
0 9,82
0 9,83
0 9,81
0 9,82
SPMD_O3_native_60
0 10,48
0 11,49
0 10,61
0 10,97
0 11,30
0 10,72
0 10,98
0 10,98
0 10,94
0 10,94
SPMD_O3_native_64
0 9,57
0 9,59
0 9,68
0 9,65
0 9,55
0 9,58
0 9,61
0 9,62
0 9,58
0 9,63
SPMD_O3_20
0 17,09
0 16,95
SPMD_O3_52
0 20,21
0 18,84
0 19,12
0 19,21
0 20,18
0 18,88
0 19,70
0 18,82
0 18,60
0 19,49
SPMD_O3_56
0 9,80
0 9,79
0 9,82
0 9,78
0 9,81
0 9,82
0 9,88
0 9,78
0 9,80
0 9,75
SPMD_O3_60
0 11,34
0 11,62
0 11,34
0 10,76
0 10,84
0 10,30
0 11,11
0 11,05
0 10,48
0 11,15
SPMD_O3_64
0 9,58
0 9,59
0 9,65
0 9,59
0 9,61
0 9,60
0 9,58
0 9,67
0 9,59
0 9,51
SPMD_O2_2
1 4,57
1 4,60
1 4,58
1 4,59
SPMD_O2_8
0 27,40
0 26,42
SPMD_O2_32
0 13,36
0 13,84
SPMD_O2_36
0 16,92
0 17,74
SPMD_O2_52
0 18,64
0 19,85
0 20,01
0 19,35
0 18,43
0 20,86
0 18,85
0 20,74
0 19,31
0 19,95
SPMD_O2_56
0 10,77
0 10,78
0 10,78
0 10,68
0 10,83
0 10,82
0 10,76
0 10,77
0 10,69
0 10,72
SPMD_O2_60
0 12,89
0 12,92
0 12,81
0 12,81
0 12,96
0 12,85
0 13,40
0 12,76
0 13,09
0 12,84
SPMD_O2_64
0 11,58
0 11,49
0 11,43
0 11,38
0 11,51
0 11,54
0 11,57
0 11,36
0 11,34
0 11,36
SPMD_1
8 16,51
8 16,46
SPMD_2
4 15,01
4 50,92
4 15,72
4 36,17
SPMD_4
2 10,87
2 10,99
SPMD_36
0 27,90
0 27,96
SPMD_52
0 24,82
0 25,14
0 24,62
0 24,86
0 25,27
0 26,81
0 25,48
0 25,69
0 25,88
0 24,91
SPMD_56
0 18,04
0 18,00
0 18,27
0 17,68
0 17,59
0 17,58
0 29,50
0 18,06
0 17,62
0 17,75
SPMD_60
0 18,02
0 19,35
0 17,97
0 17,85
0 18,53
0 18,44
0 18,68
0 18,58
0 17,99
0 18,58
SPMD_64
0 16,54
0 16,63
0 16,96
0 16,49
0 17,20
0 16,78
0 17,23
0 16,88
0 16,89
0 17,24


