SPMDv4_O3_native_1
39 27,48
39 26,94
39 26,25
39 42,72
39 26,88
39 27,16
39 27,89
39 28,01
39 26,63
39 26,94
SPMDv4_O3_native_2
20 6,64
20 6,95
20 6,59
20 6,56
20 6,79
20 6,61
20 9,50
20 6,97
20 6,65
20 6,70
SPMDv4_O3_native_4
10 17,42
10 17,46
10 17,45
10 17,45
10 17,45
10 17,41
10 17,84
10 17,46
10 17,46
10 17,52
SPMDv4_O3_native_8
5 16,59
5 15,98
5 16,03
5 16,05
5 16,67
5 16,08
5 16,03
5 15,99
5 16,08
5 16,01
SPMDv4_O3_native_12
3 38,24
3 37,42
3 37,45
3 36,97
3 37,59
3 37,29
3 37,78
3 38,37
3 37,63
3 37,65
SPMDv4_O3_native_16
2 48,58
2 47,80
2 47,75
2 47,52
2 47,85
2 47,81
2 47,66
2 47,86
2 47,72
2 47,65
SPMDv4_O3_native_20
2 16,92
2 16,81
2 16,96
2 17,03
2 16,99
2 16,86
2 17,81
2 16,86
2 16,89
2 16,80
SPMDv4_O3_native_24
1 55,14
1 55,64
1 54,78
1 54,56
1 54,53
1 55,31
1 55,17
1 54,99
1 54,87
1 54,82
SPMDv4_O3_native_28
1 40,80
1 41,18
1 41,39
1 41,02
1 40,91
1 41,23
1 41,08
1 41,13
1 40,94
1 41,89
SPMDv4_O3_native_32
1 26,14
1 26,09
1 25,98
1 25,94
1 26,83
1 25,98
1 25,94
1 26,20
1 26,24
1 25,96
SPMDv4_O3_native_36
1 21,40
1 21,05
1 20,96
1 20,36
1 21,02
1 20,29
1 20,23
1 20,89
1 20,79
1 20,72
SPMDv4_O3_native_40
1 10,65
1 10,37
1 10,50
1 10,40
1 10,36
1 10,39
1 10,55
1 10,39
1 10,42
1 10,45
SPMDv4_O3_native_44
1 11,65
1 10,36
1 12,59
1 11,68
1 10,98
1 10,82
1 10,35
1 10,78
1 11,27
1 10,39
SPMDv4_O3_native_48
1 0,25
0 59,75
0 59,99
0 59,87
0 59,84
0 59,65
0 59,76
0 59,71
1 0,00
0 59,81
SPMDv4_O3_native_52
1 4,49
1 3,13
1 4,50
1 4,74
1 4,04
1 4,56
1 4,29
1 2,58
1 4,02
1 3,55
SPMDv4_O3_native_56
0 52,10
0 52,00
0 51,95
0 51,91
0 51,93
0 51,93
0 51,94
0 51,93
0 51,96
0 51,93
SPMDv4_O3_native_60
0 51,61
0 50,51
0 49,95
0 51,54
0 50,40
0 50,65
0 50,93
0 50,30
0 51,58
0 51,87
SPMDv4_O3_native_64
0 46,91
0 46,87
0 46,90
0 46,79
0 46,87
0 46,81
0 46,87
0 46,86
0 46,85
0 46,87
SPMDv4_O3_1
39 30,10
39 30,13
39 28,43
39 28,67
39 27,86
39 28,33
39 29,29
39 30,80
39 28,77
39 30,11
SPMDv4_O3_2
20 7,59
20 7,61
20 7,79
20 11,57
20 17,85
20 7,92
20 7,24
20 7,71
20 7,85
20 7,48
SPMDv4_O3_4
10 18,31
10 18,16
10 18,63
10 18,19
10 18,04
10 20,07
10 18,13
10 21,79
10 18,22
10 18,12
SPMDv4_O3_8
5 16,37
5 16,36
5 16,42
5 16,47
5 16,38
5 16,43
5 16,85
5 16,43
5 16,41
5 16,39
SPMDv4_O3_12
3 37,97
3 38,26
3 38,61
3 38,14
3 38,26
3 38,30
3 37,94
3 37,98
3 37,72
3 38,39
SPMDv4_O3_16
2 48,97
2 48,19
2 48,24
2 48,41
2 48,22
2 48,09
2 48,16
2 48,32
2 51,01
2 48,10
SPMDv4_O3_20
2 17,28
2 16,84
2 17,27
2 17,13
2 17,98
2 17,17
2 17,72
2 17,36
2 17,48
2 17,47
SPMDv4_O3_24
1 55,80
1 55,49
1 55,19
1 55,35
1 56,37
1 55,28
1 55,54
1 55,18
1 55,13
1 55,02
SPMDv4_O3_28
1 41,45
1 41,43
1 41,90
1 41,22
1 41,11
1 41,32
1 41,46
1 41,25
1 42,38
1 41,23
SPMDv4_O3_32
1 26,51
1 26,36
1 43,34
1 26,36
1 26,22
1 26,41
1 26,21
1 26,13
1 26,26
1 26,33
SPMDv4_O3_36
1 20,75
1 20,35
1 20,51
1 20,72
1 21,37
1 22,65
1 20,84
1 20,35
1 20,23
1 20,26
SPMDv4_O3_40
1 10,75
1 10,68
1 10,71
1 10,59
1 10,58
1 10,58
1 10,55
1 10,54
1 10,73
1 10,63
SPMDv4_O3_44
1 12,21
1 11,83
1 11,23
1 11,12
1 10,91
1 11,48
1 10,65
1 11,40
1 10,47
1 11,25
SPMDv4_O3_48
1 0,20
1 0,21
0 59,91
1 0,00
1 0,32
0 59,95
0 59,84
0 59,91
0 59,92
0 59,91
SPMDv4_O3_52
1 4,22
1 4,35
1 3,20
1 3,24
1 3,13
1 2,40
1 5,67
1 4,11
1 3,50
1 4,49
SPMDv4_O3_56
0 52,31
0 52,09
0 52,06
0 52,20
0 52,08
0 52,11
0 52,06
0 52,05
0 52,29
0 52,08
SPMDv4_O3_60
0 51,42
0 51,86
0 52,08
0 51,16
0 51,05
0 51,41
0 50,70
0 51,03
0 50,68
0 50,59
SPMDv4_O3_64
0 47,84
0 46,95
0 47,00
0 46,99
0 46,96
0 47,59
0 46,98
0 46,97
0 47,02
0 47,07
SPMDv4_O2_1
39 40,43
39 40,20
39 40,21
39 41,08
39 40,92
39 40,36
39 40,60
39 41,30
39 41,28
39 40,45
SPMDv4_O2_2
20 15,89
20 15,43
20 15,15
20 15,24
20 15,18
20 15,25
20 15,24
20 15,21
20 15,23
20 15,41
20 15,23
SPMDv4_O2_4
10 21,56
10 21,54
10 21,78
10 21,52
10 21,53
10 21,59
10 21,56
10 21,50
10 21,71
10 21,60
SPMDv4_O2_8
5 18,80
5 18,12
5 19,32
5 18,13
5 18,21
5 18,40
5 18,13
5 20,67
5 18,15
5 18,22
SPMDv4_O2_12
3 39,07
3 39,54
3 39,68
3 39,03
3 39,52
3 38,81
3 39,39
3 39,18
3 38,95
3 39,48
SPMDv4_O2_16
2 48,76
2 48,90
2 49,93
2 49,01
2 48,80
2 48,93
2 48,34
2 48,85
2 48,72
2 49,51
SPMDv4_O2_20
2 18,36
2 17,87
2 17,89
2 17,86
2 17,79
2 18,44
2 17,93
2 17,83
2 17,84
2 17,83
SPMDv4_O2_24
1 55,49
1 56,68
1 55,66
1 55,83
1 57,11
1 55,57
1 55,90
1 55,85
1 56,14
1 55,52
SPMDv4_O2_28
1 42,43
1 43,01
1 41,82
1 42,09
1 41,93
1 42,18
1 41,79
1 41,61
1 42,72
1 41,88
SPMDv4_O2_32
1 26,68
1 26,45
1 26,46
1 26,53
1 26,82
1 26,55
1 26,56
1 26,64
1 26,48
1 26,59
SPMDv4_O2_36
1 20,59
1 20,88
1 20,86
1 21,06
1 20,88
1 21,35
1 21,29
1 20,82
1 20,59
1 21,69
SPMDv4_O2_40
1 10,98
1 10,95
1 10,85
1 10,80
1 10,81
1 10,80
1 10,86
1 11,02
1 10,85
1 10,82
SPMDv4_O2_44
1 11,82
1 11,45
1 11,20
1 10,65
1 11,86
1 11,42
1 11,43
1 10,99
1 11,22
1 10,54
SPMDv4_O2_48
1 0,03
1 2,16
1 0,39
1 0,00
1 0,29
1 0,12
1 0,13
1 0,33
1 0,11
1 0,09
SPMDv4_O2_52
1 4,10
1 5,69
1 3,62
1 4,86
1 3,68
1 4,32
1 6,36
1 4,57
1 3,05
1 2,88
SPMDv4_O2_56
0 52,30
0 52,30
0 52,22
0 52,31
0 52,24
0 52,28
0 52,33
0 52,24
0 52,26
0 52,25
SPMDv4_O2_60
0 51,87
0 50,99
0 51,21
0 51,59
0 50,81
0 50,75
0 51,23
0 51,14
0 51,40
0 51,77
SPMDv4_O2_64
0 47,15
0 47,11
0 47,09
0 47,68
0 48,72
0 47,33
0 47,17
0 47,16
0 47,10
0 47,11
SPMDv4_64
22 9,76
22 4,51
23 12,85
25 34,58
23 12,07
24 53,46
23 5,35
22 8,54
21 58,71
22 9,39
SPMDv4_60
24 45,61
23 38,11
21 36,42
21 31,95
26 32,90
21 33,36
24 44,31
21 35,32
24 33,56
21 39,25
SPMDv4_56
23 4,30
28 14,58
23 1,87
24 13,28
26 5,03
23 37,68
24 50,77
26 7,21
26 7,08
24 53,76
SPMDv4_52
30 37,90
28 33,94
27 13,69
25 35,12
28 34,89
27 43,36
27 22,85
28 33,56
28 35,00
25 35,19
SPMDv4_48
29 14,18
29 14,13
29 28,10
30 42,16
33 7,33
29 15,23
27 43,04
27 48,08
28 29,95
29 13,97
SPMDv4_44
32 36,61
33 17,41
31 55,01
29 9,47
29 15,57
29 4,32
31 40,84
31 39,08
29 6,39
29 4,73
SPMDv4_40
35 2,83
35 4,39
37 6,65
32 14,68
35 20,45
36 47,43
36 49,31
34 11,30
32 20,62
35 3,50
SPMDv4_36
44 6,28
41 6,92
41 8,15
44 9,28
35 51,00
35 59,90
35 43,88
35 48,94
44 5,46
35 47,36
SPMDv4_32
40 13,08
43 48,32
42 37,92
40 34,10
45 57,64
44 10,64
1 33 33
40 11,79
40 22,60
40 19,74
SPMDv4_28
45 36,69
56 25,40
52 34,84
45 37,72
49 38,16
45 50,15
45 50,27
46 4,14
45 37,48
45 37,50
SPMDv4_24
53 28,88
58 16,16
53 27,75
53 39,16
53 29,34
53 27,58
1 6 02
53 38,71
53 43,28
2 56 13
SPMDv4_20
1 4 32
1 4 17
1 4 28
1 14 04
1 4 33
1 10 06
1 4 30
1 4 18
2 27 08
1 4 32
SPMDv4_16
1 39 16
1 39 18
1 20 18
1 27 35
1 20 18
1 20 18
1 32 38
1 20 18
1 20 19
1 20 18
SPMDv4_12
1 46 40
1 56 20
1 47 16
2 12 04
1 46 43
1 46 43
1 48 10
1 56 58
1 57 21
1 46 43
SPMDv4_8
2 40 15
3 20 41
4 14 51
4 43 43
4 19 28
4 27 01
4 44 24
4 29 52
4 27 29
4 27 51
SPMDv4_4
5 20 17
5 20 17
5 20 18
5 20 14
5 20 42
8 47 14
5 22 09
5 20 16
5 20 18
5 20 15
5 20 16
5 20 17
5 20 15
5 20 19
5 20 18
5 20 56
5 20 15
5 22 05
5 20 15
5 40 36
5 20 14
5 20 15
5 49 29
5 21 03
5 21 39
5 20 22
5 20 14
5 22 07
5 22 07
5 20 14
5 21 35
5 20 16
5 20 15
SPMDv4_2
10 26 14
10 25 24
10 25 19
10 25 25
10 29 01
10 25 37
10 25 08
10 25 01
10 25 06
11 27 53
SPMDv4_1
20 27 11
20 24 49
20 24 26
20 24 45
20 24 43
20 24 36
20 25 06
20 28 27
20 24 47
20 24 52
20 24 35
20 32 19
20 24 55
20 24 47
20 24 40
20 25 05
20 24 41
SPMDv4_O3_native_128 
0 38,65
0 37,62
0 39,54
0 39,30
0 36,80
0 48,30
0 47,04
0 47,34
0 47,37
0 47,81
0 47,80
0 40,36
0 39,53
0 40,59
0 40,26
0 37,73
0 40,40
0 38,73
0 39,92
0 38,99
0 39,35
SPMDv4_O3_native_256
1 48,36
1 47,83
1 48,58
1 49,34
1 29,54
1 30,18
1 29,48
1 31,29
1 32,03
1 49,89
1 49,26
1 49,07
SPMDv4_O3_128
0 39,31
0 38,55
0 39,09
0 36,49
0 37,57
0 39,77
0 36,78
0 36,44
0 37,19
0 37,15
SPMDv4_O3_256
1 50,16
1 50,06
1 48,74
1 50,39
1 50,07
1 49,90
1 48,12
1 47,40
1 49,02
1 50,03
1 46,46
SPMDv4_O2_128
0 39,30
0 38,40
0 39,97
0 38,66
0 39,36
0 38,93
0 37,79
0 38,05
0 39,83
0 38,47
0 39,13
SPMDv4_O2_256
1 48,07
1 49,78
1 47,06
1 49,20
1 47,96
1 52,27
1 49,69
1 47,49
1 48,00
1 48,19
1 49,79
SPMDv4_128
18 59,76
19 2,05
18 11,89
19 5,25
18 49,13
19 20,35
19 8,58
18 11,43
19 24,58
19 3,22
SPMDv4_256
20 50,01
20 55,75
21 0,79
20 32,07
22 47,65
21 2,82
20 36,37
20 29,87
20 43,95
21 11,20
20 42,89
21 7,14
20 33,21
20 53,29
20 51,26
SPMDv4_O3_native_256
1 51,42
1 51,87
1 50,77
1 56,11
1 57,63
1 54,31