MaterSlave_O3_native_2b
9 9,56
9 8,59
9 8,74
9 9,07
9 8,86
9 8,67
9 8,85
9 8,67
9 8,68
9 9,01
MaterSlave_O3_native_3
4 40,94
4 40,96
4 40,95
4 40,94
4 40,97
4 40,92
4 40,96
4 40,94
4 40,90
4 40,95
MaterSlave_O3_native_5
2 24,19
2 24,33
2 24,26
2 24,28
2 24,23
2 24,20
2 24,24
2 24,23
2 24,21
2 24,21
MaterSlave_O3_native_9
1 13,19
1 12,97
1 12,88
1 12,90
1 12,87
1 12,90
1 12,87
1 12,89
1 12,89
1 12,92
MaterSlave_O3_native_13
0 49,59
0 49,10
0 49,14
0 49,11
0 49,13
0 49,26
0 49,11
0 49,24
0 49,08
0 49,12
MaterSlave_O3_native_17
0 37,25
0 36,96
0 36,96
0 36,96
0 36,96
0 36,97
0 36,95
0 36,96
0 36,97
0 36,97
MaterSlave_O3_native_21
0 29,89
0 29,80
0 29,77
0 29,80
0 29,77
0 29,80
0 29,77
0 29,78
0 29,80
0 29,76
MaterSlave_O3_native_25
0 25,71
0 25,63
0 25,51
0 25,51
0 25,61
0 25,64
0 25,59
0 25,66
0 25,63
0 25,61
MaterSlave_O3_native_29
0 21,95
0 21,69
0 22,00
0 21,75
0 21,74
0 21,72
0 21,70
0 21,77
0 21,74
0 21,66
MaterSlave_O3_native_33
0 19,53
0 19,36
0 19,29
0 19,29
0 19,27
0 19,28
0 19,27
0 19,31
0 19,30
0 19,32
MaterSlave_O3_native_37
0 17,80
0 17,79
0 17,69
0 17,72
0 17,66
0 17,66
0 17,71
0 17,66
0 17,67
0 17,70
MaterSlave_O3_native_41
0 16,35
0 16,18
0 16,19
0 16,22
0 16,19
0 16,16
0 16,28
0 16,19
0 16,17
0 16,16
MaterSlave_O3_native_45
0 15,03
0 14,79
0 14,80
0 14,83
0 14,78
0 14,77
0 14,78
0 14,80
0 14,78
0 14,79
MaterSlave_O3_native_49
0 14,04
0 13,90
0 13,92
0 13,90
0 13,96
0 13,95
0 13,97
0 13,95
0 13,93
0 13,92
MaterSlave_O3_native_53
0 13,24
0 13,16
0 13,16
0 13,15
0 13,17
0 13,13
0 13,20
0 13,15
0 13,15
0 13,13
MaterSlave_O3_native_57
0 13,06
0 12,44
0 12,43
0 12,41
0 12,44
0 12,43
0 12,44
0 12,42
0 12,43
0 12,41
MaterSlave_O3_native_61
0 12,01
0 11,80
0 11,82
0 11,79
0 11,87
0 11,82
0 11,79
0 11,82
0 11,83
0 11,80
MaterSlave_O3_native_65
0 11,56
0 11,31
0 11,46
0 11,29
0 11,23
0 11,27
0 11,28
0 11,25
0 11,24
0 11,24
MaterSlave_O3_2b
9 37,96
9 37,81
9 37,74
9 38,44
9 37,67
9 37,76
9 37,69
9 37,80
9 37,98
9 37,70
MaterSlave_O3_3
4 56,08
4 56,02
4 56,08
4 56,12
4 56,09
4 56,01
4 56,29
4 56,10
4 55,96
4 56,13
MaterSlave_O3_5
2 32,20
2 32,06
2 32,13
2 32,04
2 32,14
2 32,13
2 32,59
2 32,13
2 32,02
2 32,17
MaterSlave_O3_9
1 16,79
1 16,84
1 16,81
1 16,76
1 16,82
1 16,74
1 17,00
1 16,82
1 16,77
1 16,80
MaterSlave_O3_13
0 51,79
0 51,71
0 51,82
0 51,73
0 51,72
0 51,73
0 51,73
0 51,89
0 51,75
0 51,71
MaterSlave_O3_17
0 38,92
0 39,01
0 38,95
0 38,95
0 38,95
0 38,99
0 38,96
0 38,93
0 38,97
0 38,93
MaterSlave_O3_21
0 31,34
0 31,34
0 31,38
0 31,32
0 31,33
0 31,34
0 31,36
0 31,35
0 31,35
0 31,52
MaterSlave_O3_25
0 26,96
0 27,00
0 26,96
0 26,93
0 26,97
0 26,97
0 26,93
0 26,98
0 26,93
0 26,98
MaterSlave_O3_29
0 22,90
0 22,84
0 22,87
0 22,89
0 22,84
0 22,94
0 22,91
0 22,89
0 22,84
0 22,79
MaterSlave_O3_33
0 20,31
0 20,29
0 20,33
0 20,26
0 20,26
0 20,30
0 20,27
0 20,29
0 20,32
0 20,30
MaterSlave_O3_37
0 18,60
0 18,59
0 18,57
0 18,57
0 18,56
0 18,58
0 18,56
0 18,58
0 18,55
0 18,65
MaterSlave_O3_41
0 17,02
0 16,97
0 16,96
0 17,00
0 16,97
0 16,89
0 16,94
0 17,00
0 17,00
0 17,01
MaterSlave_O3_45
0 15,52
0 15,49
0 15,50
0 15,51
0 15,55
0 15,58
0 15,55
0 15,50
0 15,57
0 15,57
MaterSlave_O3_49
0 14,63
0 14,58
0 14,59
0 14,59
0 14,61
0 14,62
0 14,54
0 14,62
0 14,65
0 14,60
MaterSlave_O3_53
0 13,82
0 13,82
0 13,75
0 13,76
0 13,75
0 13,79
0 13,82
0 13,75
0 13,81
0 13,81
MaterSlave_O3_57
0 13,03
0 13,04
0 12,99
0 13,02
0 13,07
0 13,00
0 13,02
0 13,05
0 13,01
0 13,06
MaterSlave_O3_61
0 12,35
0 12,34
0 12,35
0 12,33
0 12,37
0 12,35
0 12,36
0 12,37
0 12,34
0 12,33
MaterSlave_O3_65
0 12,42
0 12,40
0 12,43
0 12,42
0 12,45
0 12,44
0 12,39
0 12,44
0 12,43
0 12,42
MaterSlave_O2_2b
9 37,82
9 37,81
9 37,78
9 38,17
9 38,97
9 38,15
9 37,76
9 37,80
9 37,85
9 37,70
MaterSlave_O2_3
4 55,97
4 56,11
4 56,04
4 55,97
4 56,21
4 56,13
4 56,05
4 56,08
4 56,05
4 56,14
MaterSlave_O2_5
2 32,05
2 32,05
2 32,07
2 32,11
2 32,15
2 32,24
2 32,11
2 32,09
2 32,15
2 32,12
MaterSlave_O2_9
1 16,79
1 16,79
1 16,99
1 16,91
1 16,74
1 16,84
1 16,85
1 16,81
1 16,81
1 16,81
MaterSlave_O2_13
0 51,78
0 51,82
0 51,71
0 51,74
0 51,72
0 51,72
0 51,75
0 51,84
0 51,73
0 51,75
MaterSlave_O2_17
0 38,97
0 38,87
0 38,96
0 38,94
0 38,97
0 38,93
0 38,94
0 39,03
0 38,97
0 38,93
MaterSlave_O2_21
0 31,36
0 31,35
0 31,34
0 31,29
0 31,35
0 31,34
0 31,35
0 31,37
0 31,35
0 31,42
MaterSlave_O2_25
0 26,96
0 26,94
0 26,96
0 26,97
0 26,94
0 26,97
0 26,94
0 26,95
0 27,00
0 26,94
MaterSlave_O2_29
0 22,85
0 22,90
0 22,91
0 22,84
0 22,86
0 22,87
0 22,91
0 22,86
0 22,86
0 22,87
MaterSlave_O2_33
0 20,22
0 20,27
0 20,23
0 20,36
0 20,26
0 20,23
0 20,24
0 20,26
0 20,33
0 20,35
MaterSlave_O2_37
0 18,57
0 18,54
0 18,60
0 18,57
0 18,58
0 18,61
0 18,61
0 18,58
0 18,53
0 18,61
MaterSlave_O2_41
0 16,98
0 16,98
0 16,98
0 17,02
0 17,01
0 16,94
0 16,95
0 16,92
0 17,00
0 16,93
MaterSlave_O2_45
0 15,52
0 15,52
0 15,52
0 15,51
0 15,48
0 15,51
0 15,52
0 15,50
0 15,49
0 15,55
MaterSlave_O2_49
0 14,62
0 14,61
0 14,61
0 14,67
0 14,62
0 14,59
0 14,61
0 14,60
0 14,61
0 14,59
MaterSlave_O2_53
0 13,79
0 13,75
0 13,79
0 13,74
0 13,82
0 13,88
0 13,79
0 13,77
0 13,75
0 13,84
MaterSlave_O2_57
0 13,03
0 13,05
0 13,02
0 13,01
0 13,06
0 12,98
0 13,02
0 13,00
0 13,05
0 13,04
MaterSlave_O2_61
0 12,36
0 12,31
0 12,33
0 12,35
0 12,35
0 12,37
0 12,46
0 12,35
0 12,35
0 12,33
MaterSlave_O2_65
0 11,76
0 11,80
0 11,77
0 11,78
0 11,77
0 11,79
0 11,82
0 11,78
0 11,78
0 11,78
MaterSlave_2b
23 59,60
23 59,83
23 59,96
24 0,00
23 59,44
24 0,30
23 59,22
23 59,49
24 0,30
23 59,76
MaterSlave_3
12 16,52
12 16,73
12 16,46
12 16,61
12 16,66
12 16,62
12 16,63
12 52,35
12 16,45
12 16,58
MaterSlave_5
6 17,51
6 17,77
6 17,61
6 17,61
6 17,54
6 17,55
6 17,60
6 17,56
6 17,52
6 17,56
MaterSlave_9
3 10,20
3 10,42
3 10,19
3 10,19
3 10,21
3 14,54
3 10,24
3 10,19
3 10,20
3 10,18
MaterSlave_13
2 7,77
2 7,76
2 7,74
2 7,74
2 7,90
2 7,79
2 8,32
2 7,78
2 7,73
2 7,74
MaterSlave_17
1 35,73
1 35,63
1 35,65
1 38,02
1 35,68
1 35,68
1 38,08
1 37,74
1 35,67
1 35,67
MaterSlave_21
1 18,04
1 18,06
1 16,52
1 18,50
1 18,08
1 18,41
1 16,56
1 16,78
1 16,51
1 16,49
MaterSlave_25
1 5,66
1 5,65
1 5,63
1 5,62
1 5,62
1 7,83
1 5,61
1 5,64
1 5,73
1 5,60
MaterSlave_29
0 57,05
0 55,06
0 57,09
0 55,08
0 55,05
0 55,05
0 55,05
0 55,14
0 55,13
0 55,08
MaterSlave_33
0 48,69
0 48,63
0 48,60
0 50,60
0 48,66
0 48,60
0 48,61
0 48,65
0 48,59
0 48,59
MaterSlave_37
0 44,32
0 44,34
0 44,37
0 44,98
0 44,35
0 44,32
0 44,34
0 44,35
0 44,35
0 44,37
MaterSlave_41
0 40,21
0 40,14
0 40,35
0 40,17
0 40,26
0 40,17
0 40,15
0 40,15
0 40,22
0 40,19
MaterSlave_45
0 36,95
0 36,13
0 36,11
0 37,75
0 36,19
0 36,11
0 37,69
0 36,15
0 36,11
0 36,14
MaterSlave_49
0 34,29
0 33,93
0 33,95
0 33,92
0 33,90
0 33,97
0 33,95
0 34,00
0 33,95
0 33,96
MaterSlave_53
0 31,82
0 31,90
0 31,83
0 31,81
0 31,82
0 31,83
0 31,82
0 31,78
0 31,86
0 31,84
MaterSlave_57
0 29,79
0 29,75
0 29,82
0 29,73
0 29,78
0 29,76
0 29,77
0 29,76
0 29,82
0 29,76
MaterSlave_61
0 27,91
0 28,06
0 27,82
0 27,79
0 27,83
0 27,82
0 27,82
0 27,85
0 27,79
0 27,86
MaterSlave_65
0 27,63
0 25,95
0 25,97
0 25,99
0 26,55
0 27,59
0 25,93
0 26,43
0 25,93
0 26,29