SPMDv2_O3_native_1
2 56,01
2 57,08
2 55,89
2 55,95
2 55,45
2 55,74
2 55,50
2 55,98
2 55,88
2 55,74
SPMDv2_O3_native_2
1 32,03
1 31,60
1 31,51
1 31,57
1 31,56
1 31,65
1 31,59
1 31,60
1 31,53
1 31,54
SPMDv2_O3_native_4
0 49,74
0 49,83
0 49,81
0 49,71
0 49,91
0 49,98
0 49,70
0 49,81
0 50,12
0 49,87
SPMDv2_O3_native_8
0 31,79
0 31,76
0 31,85
0 31,84
0 31,79
0 31,74
0 31,73
0 31,80
0 31,78
0 31,77
SPMDv2_O3_native_12
0 29,41
0 29,67
0 27,53
0 28,65
0 28,96
0 29,33
0 26,88
0 28,23
0 27,93
0 28,34
SPMDv2_O3_native_16
0 24,84
0 24,73
0 24,60
0 24,69
0 24,86
0 24,64
0 24,89
0 24,75
0 24,72
0 24,71
SPMDv2_O3_native_20
0 22,53
0 22,72
0 22,54
0 22,40
0 23,25
0 22,38
0 22,64
0 22,45
0 22,45
0 22,57
SPMDv2_O3_native_24
0 20,77
0 21,54
0 20,48
0 21,08
0 20,09
0 20,20
0 20,90
0 20,68
0 20,68
0 20,85
SPMDv2_O3_native_28
0 20,34
0 20,01
0 19,93
0 20,53
0 20,17
0 20,21
0 20,39
0 20,18
0 20,13
0 20,07
SPMDv2_O3_native_32
0 14,76
0 15,07
0 14,97
0 15,06
0 15,21
0 14,82
0 15,06
0 15,11
0 14,81
0 15,07
SPMDv2_O3_native_36
0 18,38
0 18,22
0 19,16
0 18,32
0 18,05
0 19,34
0 18,61
0 17,69
0 18,71
0 18,23
SPMDv2_O3_native_40
0 13,42
0 13,79
0 13,72
0 13,57
0 13,41
0 13,56
0 13,73
0 13,63
0 13,84
0 13,33
SPMDv2_O3_native_44
0 19,51
0 19,07
0 18,83
0 18,43
0 19,01
0 18,53
0 19,27
0 18,81
0 18,91
0 19,36
SPMDv2_O3_native_48
0 12,35
0 12,38
0 12,34
0 12,32
0 12,51
0 12,32
0 12,55
0 12,55
0 12,34
0 12,31
SPMDv2_O3_native_52
0 20,20
0 19,57
0 20,26
0 19,22
0 18,74
0 18,42
0 19,90
0 19,50
0 19,88
0 18,09
SPMDv2_O3_native_56
0 11,68
0 11,62
0 11,68
0 11,62
0 11,65
0 11,63
0 11,78
0 11,70
0 11,73
0 11,66
SPMDv2_O3_native_60
0 12,88
0 12,51
0 12,98
0 12,39
0 12,80
0 12,81
0 12,24
0 13,48
0 13,10
0 12,96
SPMDv2_O3_native_64
0 11,30
0 11,27
0 11,26
0 11,30
0 11,32
0 11,27
0 11,26
0 11,28
0 11,28
0 11,29
SPMDv2_O3_1
2 50,81
2 50,61
2 50,73
2 50,99
2 50,74
2 50,77
2 51,09
2 51,14
2 50,70
2 51,32
SPMDv2_O3_2
1 29,14
1 29,10
1 29,31
1 29,25
1 31,01
1 29,25
1 29,24
1 29,31
1 29,12
1 29,21
SPMDv2_O3_4
0 48,73
0 48,69
0 48,87
0 48,80
0 48,70
0 48,64
0 48,69
0 54,55
0 48,69
0 48,78
SPMDv2_O3_8
0 31,25
0 31,23
0 31,21
0 31,24
0 31,17
0 31,38
0 31,31
0 31,27
0 31,18
0 33,27
SPMDv2_O3_12
0 28,18
0 27,43
0 29,17
0 28,72
0 29,66
0 28,21
0 28,91
0 28,41
0 26,70
0 27,43
SPMDv2_O3_16
0 24,50
0 24,49
0 23,81
0 24,36
0 24,81
0 25,18
0 24,41
0 24,79
0 24,44
0 24,47
SPMDv2_O3_20
0 22,33
0 22,07
0 22,39
0 22,47
0 23,19
0 22,95
0 23,28
0 22,70
0 23,37
SPMDv2_O3_24
0 21,39
0 20,47
0 22,19
0 21,41
0 20,78
0 21,01
0 20,85
0 21,51
0 21,27
0 20,48
SPMDv2_O3_28
0 21,19
0 21,45
0 20,80
0 20,46
0 21,66
0 20,41
0 21,15
0 20,29
0 20,88
0 20,18
SPMDv2_O3_32
0 15,18
0 15,93
0 16,15
0 15,26
0 15,76
0 15,58
0 16,00
0 15,38
0 17,31
0 15,14
SPMDv2_O3_36
0 18,60
0 17,83
0 18,80
0 18,59
0 19,25
0 18,72
0 18,77
0 18,83
0 18,71
SPMDv2_O3_40
0 14,01
0 15,11
0 14,16
0 14,53
0 14,34
0 14,36
0 14,01
0 15,15
0 14,14
0 14,62
SPMDv2_O3_44
0 18,76
0 18,92
0 19,49
0 19,34
0 19,46
0 19,29
0 19,50
0 18,90
0 19,34
0 19,32
SPMDv2_O3_48
0 13,57
0 13,15
0 13,46
0 12,91
0 13,03
0 12,76
0 13,16
0 12,76
0 12,69
0 12,98
SPMDv2_O3_52
0 19,10
0 19,18
0 19,32
0 19,01
0 18,21
0 19,03
0 19,15
0 19,59
0 19,43
0 19,18
SPMDv2_O3_56
0 12,17
0 11,90
0 12,62
0 12,34
0 12,39
0 12,14
0 12,20
0 12,16
0 11,99
0 12,19
SPMDv2_O3_60
0 13,66
0 13,76
0 13,46
0 13,58
0 13,34
0 13,64
0 14,10
0 12,89
0 13,62
0 13,26
SPMDv2_O3_64
0 11,58
0 11,81
0 11,70
0 11,86
0 11,97
0 11,68
0 12,08
0 11,78
0 12,11
0 11,60
SPMDv2_O2_1
3 8,41
3 8,32
3 8,92
3 8,12
3 8,09
3 8,13
3 8,24
3 8,60
3 7,56
3 8,15
SPMDv2_O2_2
1 37,96
1 38,23
1 44,34
1 38,30
1 38,26
1 38,46
1 38,32
1 38,29
1 37,92
1 38,12
SPMDv2_O2_4
0 53,40
0 53,21
0 53,24
0 53,31
0 53,21
0 53,30
0 53,35
0 53,29
0 53,56
0 53,66
SPMDv2_O2_8
0 33,67
0 33,81
0 33,66
0 34,35
0 33,98
0 34,10
0 33,72
0 33,60
0 33,55
0 33,60
SPMDv2_O2_12
0 30,64
0 30,81
0 31,42
0 31,54
0 30,83
0 31,49
0 32,11
0 31,48
0 30,33
0 30,21
SPMDv2_O2_16
0 26,92
0 27,03
0 26,72
0 26,80
0 27,04
0 27,20
0 26,93
0 27,20
0 26,79
0 27,09
SPMDv2_O2_20
0 24,06
0 24,33
0 24,00
0 23,88
0 24,68
0 24,12
0 24,14
0 23,94
0 24,11
0 24,22
SPMDv2_O2_24
0 21,91
0 21,74
0 21,83
0 22,18
0 21,63
0 21,83
0 21,43
0 21,74
0 22,10
0 21,32
SPMDv2_O2_28
0 21,52
0 23,25
0 21,72
0 22,22
0 21,58
0 21,21
0 21,69
0 21,55
0 22,45
0 21,87
SPMDv2_O2_32
0 18,09
0 16,20
0 17,37
0 16,29
0 16,09
0 16,48
0 16,35
0 16,17
0 16,83
0 15,93
SPMDv2_O2_36
0 19,18
0 19,42
0 19,55
0 20,78
0 18,63
0 20,32
0 20,19
0 18,90
0 20,31
SPMDv2_O2_40
0 15,48
0 15,47
0 15,99
0 15,26
0 15,68
0 15,81
0 15,20
0 15,00
0 15,09
0 15,20
SPMDv2_O2_44
0 19,67
0 20,50
0 19,99
0 20,73
0 19,77
0 20,56
0 20,24
0 19,92
0 20,14
0 20,68
SPMDv2_O2_48
0 13,88
0 14,02
0 13,76
0 13,77
0 13,30
0 13,35
0 14,15
0 14,05
0 13,71
0 13,67
SPMDv2_O2_52
0 19,55
0 20,35
0 19,53
0 20,39
0 20,34
0 19,91
0 19,66
0 20,32
0 20,56
SPMDv2_O2_56
0 13,87
0 13,53
0 13,50
0 13,84
0 14,02
0 13,65
0 13,57
0 13,14
0 13,35
0 14,04
SPMDv2_O2_60
0 14,99
0 14,10
0 14,56
0 14,05
0 13,45
0 13,76
0 14,52
0 14,40
0 14,97
SPMDv2_O2_64
0 13,25
0 13,86
0 13,71
0 13,49
0 14,37
0 14,12
0 14,12
0 14,05
SPMDv2_1
1h 5 29
1h 5 28
1h 5 30
1h 5 28
1h 5 34
1h 5 28
1h 5 25
1h 5 27
1h 5 26
1h 5 30
SPMDv2_2
33 24,91
33 24,59
33 24,40
33 24,56
33 24,10
33 24,62
33 24,27
37 58,56
33 24,39
33 33,84
SPMDv2_4
17 6,35
17 6,72
17 6,52
17 54,32
25 16,24
22 8,91
19 19,76
20 58,77
17 16,23
17 6,85
SPMDv2_8
9 24,67
8 40,32
8 40,45
10 34,44
8 40,35
8 41,29
8 40,56
9 6,94
8 42,72
8 40,26
SPMDv2_12
5 53,44
5 53,95
6 33,95
5 54,53
5 53,76
5 53,09
6 22,63
6 16,23
5 54,07
5 53,30
SPMDv2_16
4 53,52
4 30,54
4 29,66
4 31,88
4 29,63
4 30,16
4 30,04
4 30,03
4 30,13
4 50,24
SPMDv2_20
3 39,76
4 21,25
3 39,19
3 38,86
3 51,51
3 44,49
3 38,79
3 41,37
3 52,73
4 0,78
SPMDv2_24
3 2,73
3 12,55
3 2,62
3 2,19
3 9,04
3 2,84
3 19,89
3 2,67
3 33,48
3 2,38
SPMDv2_28
2 39,88
2 57,95
2 39,33
2 39,68
2 46,05
2 39,88
2 43,63
2 48,79
2 39,42
2 45,05
SPMDv2_32
2 17,72
2 17,73
2 17,54
2 20,41
2 17,36
2 44,17
2 30,87
2 40,75
2 17,33
2 22,79
SPMDv2_36
2 6,16
2 14,13
2 7,01
2 16,60
2 11,45
2 5,85
2 6,56
2 28,38
2 6,21
2 5,70
SPMDv2_40
3 53,45
1 51,83
1 57,02
2 4,71
2 9,33
2 4,64
1 51,67
1 51,29
1 57,39
1 55,71
SPMDv2_44
1 56,60
1 49,42
1 56,44
1 46,43
1 47,63
1 46,76
1 47,39
1 58,57
1 50,56
1 50,45
SPMDv2_48
1 43,64
1 34,24
1 50,41
1 34,09
1 39,94
3 35,21
1 42,64
1 44,32
1 44,52
1 44,32
SPMDv2_52
1 43,83
1 34,42
1 40,47
1 42,27
1 47,51
1 38,50
1 34,82
1 33,81
1 33,16
1 37,04
SPMDv2_56
1 21,04
1 34,79
1 27,74
1 33,93
1 22,82
1 21,27
1 29,48
1 21,13
1 25,92
1 21,17
SPMDv2_60
1 20,50
1 21,86
1 26,26
1 21,62
1 31,02
1 17,97
1 18,00
1 18,80
1 30,39
1 19,59
SPMDv2_64
1 12,55
1 23,98
1 12,63
1 16,81
1 17,81
1 15,07
1 24,03
1 12,54
1 19,84
1 21,84
SPMDv2_O3_native_128
0 13,85
0 14,30
0 15,87
0 14,60
0 15,78
0 15,13
0 15,71
0 15,63
0 15,80
0 14,69
SPMDv2_O3_native_256
1 6,79
1 5,67
1 4,59
1 4,31
1 4,34
1 6,57
1 7,47
1 5,77
1 4,40
1 3,60
SPMDv2_O3_128
0 16,12
0 16,04
0 15,27
0 16,92
0 14,29
0 15,57
0 16,37
0 15,42
SPMDv2_O3_256
1 5,75
1 7,50
1 4,69
1 4,21
1 1,19
SPMDv2_O2_128
0 15,36
0 15,65
0 15,42
0 15,14
0 15,52
0 14,74
0 15,91
0 14,75
0 15,92
0 15,67
SPMDv2_O2_256
1 5,23
1 2,94
1 1,25
1 5,06
1 3,61
1 3,20
1 4,41
1 2,80
1 4,03
1 5,70
SPMDv2_128
1 33,26
1 33,57
1 32,97
1 34,60
1 34,00
1 34,54
1 34,39
1 34,46
1 34,65
1 34,23
SPMDv2_256
2 0,42
2 3,60
2 2,83
2 4,20
2 4,27
2 6,36
2 7,74
2 6,44
2 6,38
2 6,83
