SPMDv2_O3_native_1
2 52,592
2 53,013
2 52,799
2 53,615
2 52,633
2 53,671
2 53,767
2 53,345
2 52,655
2 53,841
SPMDv2_O3_native_2
1 30,558
1 30,539
1 30,650
1 30,621
1 30,569
1 30,626
1 30,587
1 30,657
1 30,670
1 30,646
SPMDv2_O3_native_4
0 49,647
0 49,615
0 49,761
0 49,882
0 49,559
0 49,683
0 49,731
0 49,630
0 49,875
0 49,597
SPMDv2_O3_native_8
0 32,918
0 32,834
0 32,825
0 32,791
0 32,837
0 32,773
0 32,771
0 32,743
0 32,834
0 32,831
SPMDv2_O3_native_12
0 28,686
0 30,997
0 28,918
0 29,466
0 28,822
0 28,701
0 28,829
0 28,603
0 30,985
0 28,463
SPMDv2_O3_native_16
0 25,874
0 25,718
0 25,694
0 25,746
0 26,194
0 25,846
0 25,714
0 25,670
0 25,698
0 25,725
SPMDv2_O3_native_20
0 23,833
0 23,770
0 23,693
0 23,774
0 23,726
0 23,741
0 23,614
0 23,973
0 23,601
0 23,742
SPMDv2_O3_native_24
0 20,617
0 20,885
0 20,309
0 20,577
0 20,614
0 21,070
0 20,389
0 21,113
0 20,258
0 21,042
SPMDv2_O3_native_28
0 21,357
0 21,326
0 21,405
0 21,394
0 21,350
0 21,462
0 21,506
0 21,301
0 21,393
0 21,405
SPMDv2_O3_native_32
0 15,438
0 15,158
0 15,169
0 15,122
0 15,074
0 15,253
0 15,157
0 15,157
0 15,176
0 15,198
SPMDv2_O3_native_36
0 17,226
0 17,138
0 16,902
0 16,774
0 17,493
0 16,942
0 17,570
0 17,098
0 17,141
0 17,502
SPMDv2_O3_native_40
0 13,829
0 13,734
0 14,142
0 13,749
0 13,806
0 13,882
0 13,742
0 13,813
0 13,925
0 13,794
SPMDv2_O3_native_44
0 19,057
0 19,051
0 19,391
0 19,102
0 19,321
0 19,265
0 18,993
0 19,189
0 19,109
0 19,089
SPMDv2_O3_native_48
0 12,561
0 12,537
0 12,606
0 12,625
0 12,674
0 12,662
0 12,798
0 12,586
0 12,613
0 12,582
SPMDv2_O3_native_52
0 18,493
0 18,374
0 18,497
0 18,486
0 18,497
0 18,590
0 18,486
0 18,537
0 18,726
0 18,506
SPMDv2_O3_native_56
0 11,781
0 11,690
0 11,826
0 11,754
0 11,765
0 11,658
0 11,661
0 11,706
0 11,757
0 11,739
SPMDv2_O3_native_60
0 11,865
0 11,798
0 11,766
0 11,677
0 11,721
0 11,850
0 11,710
0 11,722
0 11,769
0 11,826
SPMDv2_O3_native_64
0 11,142
0 11,074
0 11,045
0 11,102
0 11,170
0 11,174
0 11,053
0 11,009
0 11,053
0 11,081
SPMDv2_O3_1
2 53,029
2 52,670
2 53,166
2 52,302
2 52,186
2 52,929
2 53,040
2 52,929
2 52,279
2 52,089
SPMDv2_O3_2
1 30,386
1 30,430
1 30,382
1 30,430
1 30,454
1 30,369
1 30,378
1 30,385
1 37,971
1 30,471
SPMDv2_O3_4
0 49,425
0 49,499
0 49,570
0 49,666
0 49,346
0 49,581
0 49,427
0 49,543
0 49,578
0 49,513
SPMDv2_O3_8
0 32,895
0 32,746
0 32,873
0 32,798
0 32,641
0 32,679
0 32,818
0 32,774
0 32,586
0 32,650
SPMDv2_O3_12
0 28,765
0 28,281
0 29,294
0 28,689
0 28,486
0 28,327
0 28,178
0 28,441
0 28,169
0 28,874
SPMDv2_O3_16
0 25,789
0 25,162
0 25,353
0 25,634
0 25,978
0 25,634
0 25,694
0 25,654
0 25,673
0 25,583
SPMDv2_O3_20
0 24,123
0 23,677
0 23,706
0 23,965
0 23,902
0 23,641
0 23,571
0 23,770
0 23,781
0 23,654
SPMDv2_O3_24
0 20,829
0 20,281
0 20,042
0 20,446
0 20,829
0 20,634
0 20,422
0 20,469
0 20,481
0 20,674
SPMDv2_O3_28
0 21,493
0 21,249
0 21,382
0 21,342
0 21,313
0 21,567
0 21,594
0 21,318
0 21,462
0 21,386
SPMDv2_O3_32
0 15,342
0 15,238
0 15,589
0 15,177
0 15,041
0 15,134
0 15,106
0 15,110
0 15,166
0 15,194
SPMDv2_O3_36
0 17,025
0 16,902
0 16,798
0 16,778
0 16,897
0 17,530
0 16,669
0 16,751
0 17,278
0 16,646
SPMDv2_O3_40
0 13,909
0 13,781
0 13,801
0 13,726
0 13,814
0 13,821
0 13,905
0 13,773
0 13,853
0 13,958
SPMDv2_O3_44
0 19,166
0 19,026
0 19,113
0 18,933
0 19,101
0 19,061
0 18,678
0 19,153
0 19,106
0 18,997
SPMDv2_O3_48
0 12,561
0 12,581
0 12,757
0 12,654
0 12,690
0 12,538
0 12,530
0 12,682
0 12,858
0 12,670
SPMDv2_O3_52
0 18,570
0 18,430
0 18,377
0 18,385
0 18,414
0 18,485
0 18,514
0 18,421
0 18,465
0 18,717
SPMDv2_O3_56
0 11,806
0 11,658
0 11,830
0 11,785
0 11,561
0 11,657
0 11,698
0 11,593
0 11,689
0 11,714
SPMDv2_O3_60
0 11,961
0 11,709
0 11,719
0 12,150
0 11,726
0 11,722
0 11,730
0 11,625
0 11,826
0 11,702
SPMDv2_O3_64
0 11,161
0 11,042
0 11,166
0 11,082
0 11,041
0 11,010
0 11,034
0 11,097
0 11,033
0 11,089
SPMDv2_O2_1
3 1,581
3 2,367
3 2,256
3 2,537
3 3,139
3 1,914
3 2,251
3 14,645
3 3,027
3 3,206
SPMDv2_O2_2
1 35,986
1 35,738
1 43,397
1 35,749
1 35,843
1 35,722
1 43,278
1 35,798
1 35,561
1 41,510
SPMDv2_O2_4
0 51,343
0 51,343
0 51,322
0 51,467
0 51,394
0 51,594
0 51,445
0 51,555
0 51,331
0 51,599
SPMDv2_O2_8
0 33,890
0 33,786
0 33,713
0 33,775
0 33,818
0 33,741
0 33,743
0 33,777
0 33,835
0 33,902
SPMDv2_O2_12
0 29,549
0 29,489
0 29,703
0 29,106
0 29,653
0 29,473
0 29,639
0 29,790
0 29,490
0 29,690
SPMDv2_O2_16
0 26,401
0 26,282
0 26,209
0 26,318
0 26,214
0 26,286
0 26,209
0 26,306
0 26,470
0 26,329
SPMDv2_O2_20
0 24,197
0 24,066
0 23,995
0 24,163
0 24,242
0 24,109
0 24,299
0 24,118
0 24,110
0 24,046
SPMDv2_O2_24
0 21,646
0 20,905
0 20,878
0 21,289
0 21,355
0 20,398
0 20,845
0 20,950
0 20,790
0 21,137
SPMDv2_O2_28
0 21,775
0 21,902
0 21,754
0 21,706
0 21,685
0 21,721
0 21,778
0 21,705
0 21,786
0 21,729
SPMDv2_O2_32
0 15,737
0 15,437
0 15,438
0 15,517
0 15,366
0 15,402
0 15,390
0 15,409
0 15,729
0 15,494
SPMDv2_O2_36
0 17,182
0 17,381
0 16,949
0 17,429
0 17,466
0 17,398
0 17,066
0 16,954
0 16,966
0 17,697
SPMDv2_O2_40
0 14,025
0 14,030
0 13,994
0 14,130
0 14,190
0 14,053
0 13,942
0 14,014
0 14,070
0 14,149
SPMDv2_O2_44
0 19,306
0 19,185
0 19,215
0 19,269
0 19,246
0 19,318
0 19,245
0 19,201
0 19,254
0 19,333
SPMDv2_O2_48
0 12,829
0 12,965
0 12,882
0 12,801
0 12,882
0 12,758
0 12,857
0 12,818
0 12,750
0 12,762
SPMDv2_O2_52
0 18,901
0 18,722
0 18,646
0 18,694
0 18,609
0 18,661
0 18,885
0 18,518
0 18,762
0 18,769
SPMDv2_O2_56
0 11,949
0 11,906
0 11,869
0 11,954
0 11,849
0 11,778
0 11,950
0 11,890
0 11,857
0 11,826
SPMDv2_O2_60
0 11,981
0 11,910
0 11,986
0 15,182
0 11,886
0 11,902
0 11,942
0 11,946
0 11,902
0 11,893
SPMDv2_O2_64
0 11,306
0 11,281
0 11,121
0 11,337
0 11,158
0 11,229
0 11,270
0 11,206
0 11,270
0 11,245
SPMDv2_1
65 42,089
65 45,759
65 43,374
65 46,490
65 42,238
65 41,961
65 42,503
65 41,743
65 44,259
65 42,631
SPMDv2_2
33 33,183
33 35,245
33 35,270
33 35,134
33 34,682
33 34,593
33 34,823
33 35,022
33 34,494
33 34,681
SPMDv2_4
18 53,081
17 12,858
17 17,517
17 12,207
17 16,477
17 12,191
17 12,343
17 12,026
17 12,281
17 11,999
SPMDv2_8
8 44,475
8 44,330
8 44,269
8 44,513
8 44,231
8 44,261
9 27,783
8 44,270
9 30,802
8 44,250
SPMDv2_12
6 18,041
5 55,441
5 55,849
6 17,553
5 55,647
5 55,546
5 55,693
5 55,422
5 55,810
5 55,489
SPMDv2_16
4 32,334
4 40,482
4 31,346
4 31,469
4 31,571
4 32,701
4 31,406
4 31,398
4 31,610
4 54,278
SPMDv2_20
3 40,633
3 40,106
4 0,102
4 0,338
3 40,146
3 40,033
3 52,782
3 56,181
3 57,717
3 58,922
SPMDv2_24
3 5,593
3 3,311
3 6,582
3 3,210
3 8,113
3 3,126
3 15,937
3 14,482
3 3,078
3 17,329
SPMDv2_28
2 46,589
2 41,261
2 40,622
2 52,410
2 56,949
2 53,193
2 48,061
2 52,653
2 40,714
2 56,290
SPMDv2_32
2 28,673
2 18,178
2 25,273
2 28,263
2 25,589
2 27,566
2 33,169
2 18,037
2 30,009
2 30,986
SPMDv2_36
2 7,901
2 5,770
2 12,198
2 10,258
2 14,641
2 15,582
2 5,650
2 5,554
2 5,950
2 5,853
SPMDv2_40
1 52,605
2 2,234
1 59,621
1 56,777
1 58,050
2 0,805
2 1,893
1 52,146
1 58,413
2 1,298
SPMDv2_44
1 49,121
1 48,082
1 47,890
1 47,785
1 47,842
1 47,730
1 51,758
1 50,174
1 49,286
1 57,393
SPMDv2_48
1 35,385
1 34,714
1 41,578
1 34,826
1 40,382
1 38,961
1 34,530
1 41,390
1 41,674
1 40,645
SPMDv2_52
1 41,270
3 2,994
1 38,385
1 40,793
1 33,969
1 34,851
1 38,362
1 33,990
1 37,090
1 39,858
SPMDv2_56
1 23,481
1 24,734
1 22,458
1 24,525
1 29,818
1 23,310
1 29,009
1 28,582
1 27,134
1 25,086
SPMDv2_60
1 23,849
1 20,302
1 20,714
1 17,581
1 22,307
1 22,898
1 18,153
1 22,178
1 24,045
1 22,834
SPMDv2_64
1 13,081
1 17,138
1 20,382
1 13,578
1 17,545
1 16,597
1 12,466
1 19,538
1 12,754
1 16,274
SPMDv2_O3_native_128
0 16,326
0 15,393
0 17,250
0 17,058
0 15,938
0 15,873
0 17,290
0 18,018
0 16,794
0 14,381
SPMDv2_O3_native_256
1 23,249
1 25,090
1 25,789
1 25,669
1 25,578
1 24,521
1 24,285
1 22,950
1 21,661
1 26,118
SPMDv2_O3_128
0 16,694
0 15,910
0 17,117
0 16,797
0 16,005
0 16,185
0 17,630
0 14,937
0 16,802
0 15,278
SPMDv2_O3_256
1 23,126
1 23,949
1 24,473
1 25,802
1 24,357
1 22,146
1 24,561
1 24,690
1 24,005
1 24,469
SPMDv2_O2_128
0 16,329
0 15,749
0 19,734
0 18,838
0 20,066
0 15,382
0 15,921
0 16,594
0 16,429
0 15,325
SPMDv2_O2_256
1 22,082
1 22,565
1 24,362
1 23,458
1 22,686
1 24,430
1 23,162
1 24,417
1 23,554
1 24,006
SPMDv2_128
1 38,585
1 40,998
1 44,014
1 42,802
1 46,054
1 37,686
1 40,561
1 41,669
1 42,446
1 41,566
SPMDv2_256
2 19,689
2 18,402
2 18,170
2 20,086
2 18,506
2 19,942
2 19,194
2 20,013
2 20,074
2 20,870