SPMDv4_O3_native_1
39 16,97
39 17,36
39 19,64
39 20,50
39 19,07
39 20,25
39 19,98
39 23,47
39 24,67
39 13,81
39 28,02
39 29,49
39 20,24
39 20,76
39 17,06
39 18,30
39 12,64
39 23,61
39 19,64
39 20,00
39 20,25
39 18,04
39 19,15
39 17,32
39 18,48
39 18,72
39 19,73
39 18,87
39 20,30
39 19,60
39 19,79
39 17,38
SPMDv4_O3_native_2
20 05,10
20 05,13
20 04,93
20 04,52
20 04,30
20 05,38
20 05,33
20 05,39
20 05,33
20 06,73
20 06,39
20 05,22
20 05,09
20 05,34
20 05,59
20 05,49
20 05,45
20 04,96
20 06,47
20 06,31
20 05,16
20 05,64
20 04,71
20 05,30
20 05,02
20 04,70
20 10,89
20 05,26
20 05,27
20 04,94
20 05,56
20 05,46
SPMDv4_O3_native_4
10 20,29
10 17,55
10 17,63
10 17,62
10 17,44
10 17,61
10 17,44
10 17,45
10 17,36
10 17,39
10 17,58
10 17,58
10 17,45
10 17,46
10 17,55
10 17,70
10 17,60
10 17,58
10 17,56
10 17,56
10 17,54
10 17,67
10 17,67
10 17,42
10 17,66
10 17,88
10 17,81
10 17,76
10 17,63
10 17,52
10 17,65
10 17,86
SPMDv4_O3_native_8
5 17,358
5 17,185
5 17,245
5 17,159
5 17,130
5 17,197
5 17,183
5 17,174
5 17,417
5 17,186
SPMDv4_O3_native_12
3 39,162
3 38,534
3 38,418
3 38,418
3 38,334
3 38,569
3 40,083
3 38,365
3 38,366
3 38,677
SPMDv4_O3_native_16
2 48,969
2 48,722
2 48,797
2 48,617
2 49,254
2 48,789
2 48,799
2 48,878
2 48,938
2 48,806
SPMDv4_O3_native_20
2 17,881
2 17,794
2 17,717
2 17,855
2 18,038
2 17,778
2 17,794
2 17,833
2 17,842
2 17,766
SPMDv4_O3_native_24
1 54,977
1 55,067
1 55,002
1 54,713
1 54,433
1 55,227
1 55,022
1 54,590
1 54,742
1 54,850
SPMDv4_O3_native_28
1 42,781
1 42,269
1 42,289
1 42,301
1 42,270
1 42,334
1 42,274
1 42,318
1 42,474
1 42,318
SPMDv4_O3_native_32
1 26,969
1 26,321
1 26,394
1 26,358
1 26,358
1 26,429
1 26,374
1 26,385
1 26,366
1 26,381
SPMDv4_O3_native_36
1 20,473
1 19,866
1 20,282
1 19,865
1 19,941
1 20,070
1 20,402
1 19,953
1 20,102
1 19,934
SPMDv4_O3_native_40
1 10,849
1 10,814
1 10,906
1 10,733
1 10,810
1 10,906
1 10,889
1 10,845
1 10,846
1 10,817
SPMDv4_O3_native_44
1 11,090
1 10,626
1 10,665
1 10,657
1 10,658
1 10,993
1 10,625
1 10,813
1 10,558
1 10,593
SPMDv4_O3_native_48
1 0,037
0 59,905
0 59,957
1 0,190
1 0,030
0 59,982
0 59,922
0 59,945
0 59,906
0 59,933
SPMDv4_O3_native_52
1 2,577
1 2,213
1 2,122
1 2,109
1 2,062
1 2,086
1 2,053
1 2,286
1 2,114
1 2,113
SPMDv4_O3_native_56
0 52,066
0 52,222
0 52,010
0 51,997
0 51,966
0 52,062
0 52,062
0 51,954
0 51,989
0 52,025
SPMDv4_O3_native_60
0 49,793
0 49,706
0 49,866
0 49,758
0 49,825
0 49,778
0 49,706
0 49,806
0 49,718
0 49,641
SPMDv4_O3_native_64
0 46,733
0 46,614
0 54,833
0 46,829
0 46,594
0 57,046
0 46,613
0 46,650
0 47,189
0 46,730
SPMDv4_O3_1
39 19,00
39 20,88
39 21,30
39 19,41
39 20,22
39 19,76
39 21,58
39 13,49
39 14,94
39 29,17
39 18,92
39 35,01
39 23,96
39 19,65
39 31,07
39 21,26
39 18,72
39 20,38
39 22,86
39 24,04
39 18,84
39 21,13
39 20,90
39 19,93
39 19,89
39 18,35
39 20,52
39 38,84
39 20,90
39 21,44
39 19,95
39 21,92
SPMDv4_O3_2
20 05,48
20 05,36
20 05,42
20 05,38
20 05,12
20 05,25
20 05,76
20 05,56
20 04,93
20 05,76
20 05,70
20 05,77
20 05,80
20 06,87
20 07,34
20 04,79
20 06,78
20 05,42
20 05,19
20 06,68
20 05,67
20 05,90
20 05,79
20 05,52
20 05,85
20 05,30
20 05,30
20 05,60
20 05,56
20 05,75
20 05,70
20 05,90
SPMDv4_O3_4
10 18,00
10 17,84
10 17,93
10 18,05
10 18,07
10 17,90
10 17,83
10 17,66
10 17,88
10 17,99
10 21,82
10 18,06
10 17,84
10 18,08
10 17,85
10 18,11
10 17,95
10 17,71
10 17,86
10 17,77
10 17,79
10 18,42
10 17,79
10 17,66
10 17,67
10 17,85
10 17,68
10 17,64
10 17,93
10 18,58
10 26,73
10 17,95
SPMDv4_O3_8
5 17,334
5 17,377
5 17,242
5 17,314
5 17,306
5 17,434
5 17,317
5 17,314
5 17,486
5 17,237
SPMDv4_O3_12
3 39,450
3 38,961
3 38,535
3 38,662
3 38,569
3 38,521
3 38,798
3 39,201
3 38,567
3 38,353
SPMDv4_O3_16
2 49,007
2 49,275
2 49,034
2 48,817
2 48,926
2 48,893
2 48,758
2 48,913
2 48,423
2 49,201
SPMDv4_O3_20
2 17,950
2 18,046
2 17,950
2 17,966
2 17,902
2 18,030
2 17,905
2 17,886
2 18,001
2 18,053
SPMDv4_O3_24
1 54,970
1 54,906
1 54,598
1 55,206
1 54,906
1 54,914
1 55,789
1 54,561
1 54,638
1 54,429
1 55,106
1 54,913
1 54,846
1 54,813
1 54,538
1 54,897
SPMDv4_O3_28
1 42,453
1 42,497
1 42,257
1 42,418
1 41,741
1 42,365
1 42,254
1 42,385
1 42,442
1 42,149
SPMDv4_O3_32
1 27,143
1 26,966
1 26,397
1 26,522
1 26,401
1 26,381
1 26,354
1 26,557
1 26,358
1 26,314
SPMDv4_O3_36
1 20,033
1 20,094
1 20,205
1 19,870
1 20,206
1 19,953
1 19,894
1 20,110
1 20,001
1 19,950
SPMDv4_O3_40
1 10,957
1 10,990
1 10,833
1 10,881
1 10,813
1 10,881
1 11,030
1 10,841
1 10,814
1 10,961
SPMDv4_O3_44
1 10,705
1 10,077
1 10,865
1 10,854
1 10,761
1 10,661
1 10,794
1 10,637
1 10,618
1 10,877
SPMDv4_O3_48
1 0,150
0 59,997
1 0,193
1 0,018
1 0,006
0 59,914
0 59,974
1 0,746
0 59,873
1 0,075
SPMDv4_O3_52
1 2,458
1 2,270
1 2,162
1 2,086
1 2,397
1 2,346
1 2,361
1 2,162
1 2,194
1 2,198
SPMDv4_O3_56
0 52,093
0 52,122
0 52,022
0 51,998
0 52,005
0 52,118
0 51,998
0 51,998
0 51,978
0 51,929
SPMDv4_O3_60
0 49,809
0 49,930
0 49,793
0 49,858
0 49,713
0 49,737
0 49,789
0 49,838
0 49,729
0 49,697
SPMDv4_O3_64
0 46,745
0 46,662
0 46,782
0 46,653
0 46,618
0 46,662
0 46,754
0 46,782
0 46,742
0 46,610
SPMDv4_O2_1
39 21,66
39 24,26
39 22,49
39 22,03
39 22,47
39 23,42
39 22,81
39 22,43
39 23,69
39 22,65
39 21,01
39 23,73
39 21,57
39 23,12
39 22,83
39 22,45
39 16,19
39 22,82
39 21,62
39 32,85
39 39,72
39 22,68
39 22,27
39 16,84
39 21,81
39 27,58
39 28,29
39 22,29
39 21,83
39 22,16
39 22,16
39 21,59
SPMDv4_O2_2
20 06,87
20 06,25
20 06,48
23 42,27
20 07,13
20 07,12
20 11,93
20 07,38
24 24,79
20 06,22
20 06,76
20 06,75
20 06,93
20 07,31
20 06,52
20 08,58
20 07,41
20 06,77
20 07,51
20 07,34
20 06,91
20 08,48
20 08,03
20 06,51
20 07,22
20 07,33
20 07,18
20 07,02
20 07,29
20 07,14
20 07,50
20 06,71
SPMDv4_O2_4
10 18,56
10 18,33
10 18,41
10 18,56
10 18,30
10 18,25
12 51,66
12 26,09
10 18,33
10 18,49
10 18,50
10 18,53
10 18,42
10 18,51
10 18,47
10 18,52
10 18,49
10 18,85
10 22,84
10 18,54
10 18,56
10 18,61
10 18,30
10 18,36
10 18,35
10 18,38
10 18,37
10 18,53
10 18,41
10 22,66
10 18,45
10 18,57
SPMDv4_O2_8
5 17,633
5 17,698
5 19,202
5 17,970
5 17,573
5 17,703
5 17,674
5 17,749
5 17,625
5 17,726
SPMDv4_O2_12
3 39,141
3 38,650
3 39,006
3 38,917
3 38,783
3 39,222
3 39,561
3 38,987
3 38,994
3 39,222
SPMDv4_O2_16
2 49,073
2 48,934
2 48,958
2 48,989
2 49,042
2 49,022
2 49,098
2 49,601
2 48,902
2 49,154
SPMDv4_O2_20
2 18,113
2 18,097
2 17,858
2 18,049
2 18,082
2 18,105
2 17,970
2 18,293
2 18,014
2 18,049
SPMDv4_O2_24
1 55,598
1 55,333
1 54,994
1 54,617
1 55,015
1 54,749
1 55,066
1 54,870
1 54,793
1 55,245
SPMDv4_O2_28
1 42,497
1 42,415
1 42,378
1 42,450
1 42,418
1 42,470
1 42,458
1 42,394
1 42,362
1 42,406
SPMDv4_O2_32
1 27,197
1 26,634
1 26,442
1 26,426
1 26,498
1 26,406
1 26,557
1 26,614
1 26,421
1 26,422
SPMDv4_O2_36
1 20,257
1 20,260
1 20,173
1 20,006
1 20,065
1 20,229
1 20,186
1 20,058
1 22,161
1 19,949
SPMDv4_O2_40
1 10,961
1 11,006
1 10,890
1 10,882
1 10,769
1 10,875
1 10,821
1 10,849
1 10,894
1 11,054
SPMDv4_O2_44
1 10,841
1 10,618
1 10,937
1 10,901
1 10,669
1 10,714
1 10,606
1 10,989
1 10,766
1 10,537
SPMDv4_O2_48
1 0,175
1 0,066
1 0,074
1 0,030
0 59,986
1 0,046
1 0,249
1 0,061
0 59,953
1 0,103
SPMDv4_O2_52
1 2,177
1 2,229
1 2,114
1 2,113
1 2,218
1 2,281
1 2,286
1 2,161
1 2,202
1 3,033
SPMDv4_O2_56
0 52,149
0 52,002
0 52,061
0 52,018
0 52,030
0 52,214
0 52,057
0 52,110
0 52,005
0 52,058
SPMDv4_O2_60
0 49,941
0 49,758
0 49,965
0 49,841
0 49,709
0 49,942
0 49,842
0 49,849
0 49,837
0 49,694
SPMDv4_O2_64
0 46,853
0 46,723
0 46,730
0 46,653
0 46,706
0 46,733
0 46,697
0 46,830
0 46,722
0 46,714
SPMDv4_64
20 46,78
22 55,54
20 39,81
22 32,82
22 37,03
22 35,54
22 41,81
22 15,11
23 13,03
SPMDv4_32
44 55,57
42 05,85
44 51,22
44 49,14
41 02,67
44 51,72
44 41,91
44 49,05
44 47,92
45 54,95
40 49,65
SPMDv4_16
1 24 35
1 21 01
1 26 43