MaterSlave_O3_native_2b
9 8,738
9 9,407
9 9,029
9 8,950
9 9,184
9 9,212
9 9,498
9 8,917
9 8,666
9 8,652
MaterSlave_O3_native_3
4 40,973
4 41,000
4 41,016
4 41,004
4 41,032
4 41,013
4 41,024
4 40,956
4 41,000
4 40,944
MaterSlave_O3_native_5
2 24,305
2 24,236
2 24,285
2 24,301
2 24,273
2 24,280
2 24,256
2 24,265
2 24,324
2 24,288
MaterSlave_O3_native_9
1 13,112
1 13,004
1 12,976
1 13,016
1 12,980
1 13,013
1 12,951
1 13,015
1 12,996
1 12,984
MaterSlave_O3_native_13
0 49,422
0 49,194
0 49,180
0 49,222
0 49,193
0 49,230
0 49,232
0 49,261
0 49,261
0 49,238
MaterSlave_O3_native_17
0 37,129
0 37,030
0 37,009
0 37,041
0 37,029
0 37,021
0 37,016
0 37,017
0 37,021
0 37,038
MaterSlave_O3_native_21
0 29,848
0 29,725
0 29,693
0 29,661
0 29,721
0 29,761
0 29,780
0 29,682
0 29,697
0 29,697
MaterSlave_O3_native_25
0 25,565
0 25,469
0 25,528
0 25,512
0 25,517
0 25,437
0 25,458
0 25,506
0 25,477
0 25,465
MaterSlave_O3_native_29
0 21,705
0 21,666
0 21,580
0 21,655
0 21,682
0 21,612
0 21,640
0 21,706
0 21,617
0 21,664
MaterSlave_O3_native_33
0 19,289
0 19,240
0 19,208
0 19,213
0 19,237
0 19,180
0 19,176
0 19,203
0 19,156
0 19,181
MaterSlave_O3_native_37
0 17,524
0 17,408
0 17,457
0 17,453
0 17,436
0 17,476
0 17,424
0 17,468
0 17,536
0 17,441
MaterSlave_O3_native_41
0 15,976
0 15,913
0 15,929
0 15,832
0 15,888
0 15,824
0 15,848
0 15,849
0 15,889
0 15,848
MaterSlave_O3_native_45
0 14,532
0 14,424
0 14,404
0 14,364
0 14,431
0 14,397
0 14,388
0 14,432
0 14,465
0 14,472
MaterSlave_O3_native_49
0 13,561
0 13,485
0 13,573
0 13,472
0 13,488
0 13,465
0 13,468
0 13,557
0 13,492
0 13,452
MaterSlave_O3_native_53
0 12,724
0 12,645
0 12,669
0 12,621
0 12,644
0 12,649
0 12,676
0 12,584
0 12,612
0 12,653
MaterSlave_O3_native_57
0 12,012
0 11,824
0 11,848
0 11,856
0 11,837
0 11,841
0 11,871
0 11,833
0 11,853
0 11,892
MaterSlave_O3_native_61
0 11,312
0 11,181
0 11,161
0 11,089
0 11,124
0 11,141
0 11,169
0 11,168
0 11,104
0 11,141
MaterSlave_O3_2b
9 24,209
9 24,481
9 24,888
9 24,272
9 24,032
9 25,156
9 24,120
9 24,712
9 24,376
9 24,332
MaterSlave_O3_3
4 48,513
4 48,996
4 50,952
4 48,860
4 48,350
4 52,025
4 48,604
4 48,681
4 48,352
4 50,616
MaterSlave_O3_5
2 29,688
2 29,769
2 29,474
2 29,546
2 29,653
2 29,500
2 29,713
2 29,604
2 29,457
2 29,576
MaterSlave_O3_9
1 15,432
1 15,422
1 15,393
1 15,148
1 15,229
1 15,304
1 15,317
1 15,432
1 15,360
1 15,436
MaterSlave_O3_13
0 50,744
0 50,560
0 50,693
0 50,724
0 50,732
0 50,662
0 50,676
0 50,664
0 50,643
0 50,738
MaterSlave_O3_17
0 38,349
0 38,429
0 38,321
0 38,381
0 38,221
0 38,184
0 38,257
0 38,217
0 38,524
0 38,161
MaterSlave_O3_21
0 31,349
0 31,181
0 31,216
0 31,233
0 31,184
0 31,297
0 31,284
0 31,241
0 31,168
0 31,214
MaterSlave_O3_25
0 26,340
0 26,196
0 26,240
0 26,181
0 26,180
0 26,154
0 26,157
0 26,189
0 26,180
0 26,201
MaterSlave_O3_29
0 22,880
0 22,818
0 22,740
0 22,783
0 22,686
0 22,785
0 22,857
0 22,829
0 22,726
0 22,793
MaterSlave_O3_33
0 20,089
0 20,037
0 20,069
0 20,016
0 20,105
0 20,041
0 19,988
0 20,049
0 20,057
0 20,056
MaterSlave_O3_37
0 18,105
0 17,993
0 17,939
0 18,039
0 17,893
0 18,049
0 18,001
0 17,985
0 18,077
0 17,961
MaterSlave_O3_41
0 16,393
0 16,340
0 16,337
0 16,321
0 16,368
0 16,341
0 16,345
0 16,413
0 16,333
0 16,344
MaterSlave_O3_45
0 15,096
0 14,941
0 15,017
0 14,977
0 14,993
0 14,893
0 14,956
0 15,021
0 15,009
0 15,041
MaterSlave_O3_49
0 14,064
0 13,917
0 13,905
0 13,920
0 13,921
0 13,929
0 13,929
0 13,984
0 14,009
0 13,888
MaterSlave_O3_53
0 13,168
0 13,008
0 13,049
0 13,041
0 13,084
0 13,105
0 13,049
0 13,037
0 13,064
0 13,098
MaterSlave_O3_57
0 12,337
0 12,221
0 12,189
0 12,274
0 12,265
0 12,294
0 12,256
0 12,269
0 12,257
0 12,253
MaterSlave_O3_61
0 11,593
0 11,513
0 11,513
0 11,486
0 11,492
0 11,486
0 11,533
0 11,493
0 11,496
0 11,482
MaterSlave_O2_2b
9 23,894
9 24,620
9 24,600
9 24,761
9 24,122
9 24,359
9 24,681
9 24,885
9 24,705
9 24,009
MaterSlave_O2_3
4 52,469
4 49,105
4 48,642
4 48,693
4 48,709
4 48,652
4 50,940
4 51,508
4 48,825
4 50,964
MaterSlave_O2_5
2 29,764
2 29,834
2 29,581
2 29,433
2 29,430
2 29,708
2 29,409
2 29,513
2 29,700
2 29,765
MaterSlave_O2_9
1 15,669
1 15,395
1 15,442
1 15,353
1 15,469
1 15,488
1 15,318
1 15,289
1 15,377
1 15,437
MaterSlave_O2_13
0 50,837
0 50,621
0 50,678
0 50,749
0 50,661
0 50,740
0 50,722
0 50,741
0 50,596
0 50,633
MaterSlave_O2_17
0 38,449
0 38,217
0 38,408
0 38,205
0 38,351
0 38,269
0 38,468
0 38,279
0 38,324
0 38,689
MaterSlave_O2_21
0 31,328
0 31,304
0 31,235
0 31,297
0 31,260
0 31,269
0 31,236
0 31,161
0 31,197
0 31,241
MaterSlave_O2_25
0 26,384
0 26,180
0 26,202
0 26,205
0 26,252
0 26,217
0 26,128
0 26,221
0 26,212
0 26,205
MaterSlave_O2_29
0 22,869
0 22,782
0 22,800
0 22,830
0 22,801
0 22,832
0 22,654
0 22,709
0 22,685
0 22,715
MaterSlave_O2_33
0 20,177
0 20,045
0 20,022
0 20,149
0 19,965
0 20,101
0 19,996
0 20,030
0 20,033
0 20,016
MaterSlave_O2_37
0 18,062
0 17,954
0 17,981
0 17,975
0 17,941
0 18,030
0 17,920
0 18,023
0 17,933
0 17,977
MaterSlave_O2_41
0 16,485
0 16,348
0 16,344
0 16,405
0 16,348
0 16,376
0 16,480
0 16,340
0 16,251
0 16,383
MaterSlave_O2_45
0 15,152
0 14,993
0 15,017
0 15,012
0 14,985
0 14,997
0 14,995
0 14,985
0 15,004
0 14,980
MaterSlave_O2_49
0 14,048
0 13,941
0 13,828
0 13,882
0 13,989
0 13,981
0 13,976
0 13,869
0 13,924
0 13,933
MaterSlave_O2_53
0 13,144
0 13,080
0 13,025
0 12,992
0 13,046
0 13,020
0 13,165
0 13,053
0 13,044
0 13,029
MaterSlave_O2_57
0 12,325
0 12,197
0 12,280
0 12,237
0 12,281
0 12,245
0 12,271
0 12,276
0 12,245
0 12,245
MaterSlave_O2_61
0 11,605
0 11,473
0 11,496
0 11,476
0 11,587
0 11,497
0 11,477
0 11,524
0 11,521
0 11,508
MaterSlave_2b
23 5,988
23 5,076
23 6,043
23 5,627
23 4,879
23 5,185
23 6,116
23 6,049
23 4,963
23 7,044
MaterSlave_3
11 49,595
11 47,601
11 47,807
11 51,508
11 51,344
11 50,860
11 49,360
11 50,596
11 51,116
11 47,778
MaterSlave_5
6 4,729
6 4,728
6 4,691
6 4,700
6 4,748
6 4,632
6 4,672
6 4,637
6 4,781
6 4,613
MaterSlave_9
3 2,913
3 2,837
3 6,182
3 2,872
3 2,792
3 2,748
3 2,873
3 2,816
3 2,856
3 2,912
MaterSlave_13
2 2,908
2 2,964
2 2,888
2 4,372
2 3,628
2 2,838
2 3,936
2 2,825
2 2,937
2 3,062
MaterSlave_17
1 32,248
1 32,284
1 32,656
1 32,348
1 32,485
1 32,268
1 33,852
1 33,016
1 32,520
1 35,868
MaterSlave_21
1 15,438
1 14,520
1 14,600
1 15,240
1 15,228
1 15,324
1 15,488
1 15,224
1 15,270
1 15,254
MaterSlave_25
1 3,260
1 2,996
1 2,928
1 3,000
1 2,952
1 2,960
1 3,128
1 3,224
1 2,985
1 2,900
MaterSlave_29
0 54,292
0 54,176
0 54,201
0 54,312
0 54,656
0 54,281
0 54,372
0 54,788
1 2,433
0 54,656
MaterSlave_33
0 47,276
0 47,208
0 47,216
0 47,197
0 47,164
0 47,072
0 47,164
0 47,221
0 47,216
0 47,305
MaterSlave_37
0 42,632
0 42,493
0 42,724
0 42,513
0 42,872
0 42,485
0 42,633
0 42,526
0 42,737
0 42,522
MaterSlave_41
0 38,569
0 38,505
0 38,713
0 38,493
0 38,497
0 38,465
0 38,548
0 40,181
0 38,409
0 38,304
MaterSlave_45
0 34,765
0 34,618
0 34,941
0 34,794
0 35,020
0 36,689
0 34,672
0 34,977
0 34,717
0 34,969
MaterSlave_49
0 32,389
0 32,349
0 32,349
0 32,370
0 32,413
0 32,298
0 32,521
0 32,468
0 32,377
0 32,329
MaterSlave_53
0 30,576
0 30,237
0 30,228
0 30,336
0 30,288
0 30,209
0 30,244
0 30,233
0 30,320
0 30,281
MaterSlave_57
0 28,260
0 28,176
0 28,252
0 28,469
0 28,524
0 28,229
0 28,244
0 28,201
0 28,197
0 28,233
MaterSlave_61
0 26,336
0 26,405
0 26,340
0 26,461
0 26,264
0 26,313
0 26,256
0 26,224
0 26,284
0 26,204
MaterSlave_O3_native_65
0 10,929
0 10,561
0 10,558
0 10,513
0 10,518
0 10,421
0 10,567
0 10,508
0 10,530
0 10,581
MaterSlave_O3_65
0 11,497
0 11,480
0 11,590
0 12,037
0 11,598
0 11,525
0 11,857
0 12,285
0 11,621
0 11,685
MaterSlave_O2_65
0 11,233
0 11,566
0 11,197
0 11,288
0 11,229
0 11,189
0 11,290
0 11,065
0 11,854
0 11,193
MaterSlave_65
0 26,014
0 27,020
0 26,978
0 25,945
0 26,345
0 25,937
0 26,534
0 26,820
0 26,273
0 26,545
MaterSlave_O3_native_129
0 11,844
0 11,266
0 11,245
0 11,283
0 11,306
0 11,322
0 11,205
0 11,375
0 11,302
0 11,273
MaterSlave_O3_129
0 11,501
0 11,573
0 11,586
0 11,558
0 11,462
0 11,506
0 11,545
0 11,554
0 11,558
0 11,530
MaterSlave_O2_129
0 11,722
0 11,558
0 11,581
0 11,617
0 11,537
0 11,542
0 11,606
0 11,514
0 11,509
0 11,590
MaterSlave_129
0 24,445
0 24,941
0 24,887
0 24,368
0 24,431
0 24,430
0 24,482
0 25,314
0 24,514
0 24,510
MaterSlave_O3_native_257
0 12,905
0 12,754
0 12,946
0 13,014
0 12,826
0 12,950
0 12,833
0 12,761
0 12,785
0 12,834
MaterSlave_O3_257
0 13,021
0 12,870
0 13,265
0 13,091
0 12,898
0 13,174
0 12,989
0 13,254
0 12,985
0 13,022
MaterSlave_O2_257
0 13,161
0 12,906
0 13,210
0 13,138
0 13,233
0 13,050
0 12,978
0 13,338
0 13,049
0 12,853
MaterSlave_257
0 26,718
0 26,678
0 26,725
0 27,025
0 26,766
0 26,718
0 26,773
0 27,137
0 27,385
0 27,285
MaterSlave_O3_native_2b
9 10,133
9 9,809
9 10,446
9 9,890
9 10,185
9 9,743
9 10,077
9 9,843
9 9,625
9 9,558
MaterSlave_O3_native_3
4 40,994
4 40,926
4 40,889
4 40,902
4 40,990
4 40,917
4 40,943
4 40,913
4 40,994
4 40,877
MaterSlave_O3_native_5
2 24,267
2 24,270
2 24,242
2 24,221
2 24,210
2 24,274
2 24,239
2 24,222
2 24,269
2 24,226
MaterSlave_O3_native_9
1 13,077
1 13,011
1 12,934
1 12,993
1 12,909
1 12,963
1 12,937
1 12,897
1 12,979
1 12,947
MaterSlave_O3_native_13
0 49,361
0 49,170
0 49,225
0 49,246
0 49,210
0 49,222
0 49,238
0 49,254
0 49,258
0 49,226
MaterSlave_O3_native_17
0 37,209
0 37,045
0 37,014
0 37,018
0 36,969
0 36,986
0 37,013
0 37,010
0 37,121
0 36,982
MaterSlave_O3_native_21
0 30,009
0 29,686
0 29,754
0 29,745
0 29,714
0 29,733
0 29,737
0 29,745
0 29,758
0 29,661
MaterSlave_O3_native_25
0 25,611
0 25,498
0 25,501
0 25,493
0 25,546
0 25,493
0 25,498
0 25,461
0 25,502
0 25,529
MaterSlave_O3_native_29
0 21,653
0 21,545
0 21,610
0 21,626
0 21,637
0 21,602
0 21,649
0 21,602
0 21,633
0 21,670
MaterSlave_O3_native_33
0 19,281
0 19,174
0 19,182
0 19,166
0 19,150
0 19,133
0 19,178
0 19,158
0 19,146
0 19,170
MaterSlave_O3_native_37
0 17,522
0 17,390
0 17,421
0 17,421
0 17,333
0 17,450
0 17,441
0 17,438
0 17,437
0 17,369
MaterSlave_O3_native_41
0 15,971
0 15,805
0 15,877
0 15,849
0 15,741
0 15,826
0 15,813
0 15,829
0 15,786
0 15,798
MaterSlave_O3_native_45
0 14,481
0 14,850
0 14,366
0 14,401
0 14,829
0 14,670
0 14,373
0 14,366
0 14,357
0 14,878
MaterSlave_O3_native_49
0 13,574
0 13,474
0 13,466
0 13,482
0 13,510
0 13,466
0 13,498
0 13,498
0 13,486
0 13,522
MaterSlave_O3_native_53
0 12,737
0 12,633
0 12,649
0 12,674
0 12,578
0 12,606
0 12,537
0 12,499
0 12,686
0 12,638
MaterSlave_O3_native_57
0 11,953
0 11,822
0 11,834
0 11,766
0 11,890
0 11,873
0 11,785
0 11,809
0 11,745
0 11,911
MaterSlave_O3_native_61
0 11,313
0 11,221
0 11,166
0 11,242
0 11,097
0 11,171
0 11,110
0 11,177
0 11,165
0 11,166
MaterSlave_O3_2b
9 26,885
9 26,255
9 25,911
9 26,158
9 25,567
9 25,877
9 25,363
9 25,425
9 26,011
9 26,354
MaterSlave_O3_3
4 49,198
4 49,265
4 51,543
4 52,138
4 49,573
4 49,150
4 49,223
4 49,649
4 52,423
4 52,329
MaterSlave_O3_5
2 29,466
2 29,593
2 29,599
2 29,430
2 29,638
2 29,658
2 29,642
2 29,473
2 29,343
2 29,427
MaterSlave_O3_9
1 15,269
1 15,353
1 15,307
1 15,515
1 15,502
1 15,321
1 15,427
1 15,217
1 15,503
1 15,294
MaterSlave_O3_13
0 51,021
0 50,766
0 50,890
0 50,749
0 50,729
0 50,791
0 50,757
0 50,597
0 50,707
0 50,837
MaterSlave_O3_17
0 38,271
0 38,286
0 38,418
0 38,294
0 38,538
0 38,405
0 38,418
0 38,305
0 38,166
0 38,349
MaterSlave_O3_21
0 31,313
0 31,153
0 31,189
0 31,241
0 31,193
0 31,246
0 31,133
0 31,214
0 31,157
0 31,267
MaterSlave_O3_25
0 26,369
0 26,254
0 26,209
0 26,117
0 26,133
0 26,158
0 26,203
0 26,202
0 26,201
0 26,229
MaterSlave_O3_29
0 22,769
0 22,759
0 22,705
0 22,705
0 22,598
0 22,729
0 22,621
0 22,649
0 22,735
0 22,745
MaterSlave_O3_33
0 20,097
0 19,966
0 20,049
0 20,038
0 19,986
0 19,993
0 20,001
0 19,946
0 19,946
0 19,938
MaterSlave_O3_37
0 18,089
0 17,997
0 17,982
0 18,065
0 18,006
0 18,014
0 17,998
0 18,042
0 17,990
0 18,050
MaterSlave_O3_41
0 16,385
0 16,351
0 16,330
0 16,333
0 16,326
0 16,353
0 16,414
0 16,382
0 16,361
0 16,345
MaterSlave_O3_45
0 15,085
0 15,293
0 15,058
0 15,242
0 15,053
0 15,041
0 15,229
0 14,997
0 14,949
0 14,993
MaterSlave_O3_49
0 14,069
0 13,974
0 13,890
0 14,054
0 13,914
0 13,918
0 13,962
0 13,961
0 13,993
0 13,929
MaterSlave_O3_53
0 13,122
0 13,049
0 13,038
0 13,025
0 12,981
0 13,057
0 13,078
0 12,982
0 13,002
0 13,062
MaterSlave_O3_57
0 12,285
0 12,230
0 12,298
0 12,202
0 12,181
0 12,269
0 12,290
0 12,229
0 12,202
0 12,070
MaterSlave_O3_61
0 11,590
0 11,502
0 11,485
0 11,514
0 11,537
0 11,460
0 11,411
0 11,459
0 11,470
0 11,549
MaterSlave_O2_2b
9 28,125
9 26,274
9 27,121
9 27,483
9 25,494
9 27,770
9 27,545
9 26,358
9 26,465
9 26,381
MaterSlave_O2_3
4 50,031
4 51,062
4 51,774
4 49,638
4 51,349
4 50,802
4 50,385
4 48,922
4 49,677
4 52,259
MaterSlave_O2_5
2 29,553
2 29,543
2 29,558
2 29,773
2 29,494
2 29,542
2 29,441
2 29,620
2 29,757
2 29,474
MaterSlave_O2_9
1 15,534
1 15,157
1 15,243
1 15,253
1 15,314
1 15,153
1 15,467
1 15,213
1 15,227
1 15,381
MaterSlave_O2_13
0 50,919
0 50,682
0 50,709
0 50,758
0 50,825
0 50,764
0 50,782
0 50,774
0 50,733
0 50,786
MaterSlave_O2_17
0 38,361
0 38,459
0 38,161
0 38,331
0 38,233
0 38,454
0 38,178
0 38,378
0 38,498
0 38,285
MaterSlave_O2_21
0 31,346
0 31,202
0 31,169
0 31,230
0 31,225
0 31,241
0 31,210
0 31,202
0 31,174
0 31,246
MaterSlave_O2_25
0 26,293
0 26,250
0 26,177
0 26,278
0 26,149
0 26,187
0 26,157
0 26,241
0 26,198
0 26,238
MaterSlave_O2_29
0 22,777
0 22,666
0 22,693
0 22,746
0 22,685
0 22,674
0 22,745
0 22,714
0 22,681
0 22,679
MaterSlave_O2_33
0 20,015
0 20,042
0 20,058
0 20,042
0 19,950
0 19,985
0 19,986
0 19,977
0 19,954
0 20,034
MaterSlave_O2_37
0 18,094
0 17,949
0 17,934
0 18,006
0 18,053
0 17,957
0 17,973
0 17,985
0 18,037
0 18,050
MaterSlave_O2_41
0 16,397
0 16,402
0 16,369
0 16,373
0 16,345
0 16,298
0 16,405
0 16,325
0 16,401
0 16,357
MaterSlave_O2_45
0 15,093
0 14,981
0 14,962
0 15,006
0 14,978
0 15,326
0 14,977
0 14,978
0 15,246
0 14,977
MaterSlave_O2_49
0 13,994
0 13,889
0 13,993
0 14,010
0 14,002
0 13,897
0 13,982
0 13,906
0 13,997
0 13,997
MaterSlave_O2_53
0 13,202
0 13,030
0 13,022
0 13,038
0 13,098
0 13,133
0 13,030
0 13,085
0 13,062
0 13,038
MaterSlave_O2_57
0 12,378
0 12,257
0 12,230
0 12,162
0 12,189
0 12,194
0 12,278
0 12,306
0 12,190
0 12,209
MaterSlave_O2_61
0 11,605
0 11,593
0 11,465
0 11,478
0 11,525
0 11,513
0 11,526
0 11,529
0 11,461
0 11,569
MaterSlave_2b
23 8,417
23 8,322
23 8,181
23 9,829
23 7,930
23 7,853
23 8,081
23 7,958
23 8,036
23 8,869
MaterSlave_3
11 47,642
11 49,894
11 51,122
11 51,005
11 51,175
12 27,230
11 51,889
11 47,866
11 48,041
11 50,426
MaterSlave_5
6 4,621
6 35,778
6 4,790
6 4,750
6 4,633
6 4,623
6 4,645
6 4,807
6 4,806
6 4,597
MaterSlave_9
3 3,039
3 2,738
3 3,118
3 2,933
3 2,981
3 2,862
3 5,530
3 2,817
3 2,806
3 2,777
MaterSlave_13
2 2,934
2 2,854
2 2,793
2 2,922
2 2,946
2 2,781
2 2,851
2 2,846
2 2,893
2 2,994
MaterSlave_17
1 34,373
1 32,370
1 32,157
1 32,262
1 32,546
1 32,470
1 33,894
1 32,265
1 32,102
1 34,402
MaterSlave_21
1 14,358
1 14,341
1 14,314
1 15,522
1 14,409
1 15,281
1 14,119
1 14,229
1 14,194
1 14,381
MaterSlave_25
1 3,009
1 2,881
1 2,986
1 2,941
1 2,906
1 2,914
1 3,061
1 2,886
1 3,210
1 3,073
MaterSlave_29
0 53,567
0 53,478
0 54,638
0 54,813
0 53,474
0 53,518
0 54,778
0 53,478
0 54,854
0 53,521
MaterSlave_33
0 47,285
0 46,846
0 46,930
0 47,022
0 48,422
0 48,505
0 46,989
0 47,025
0 48,477
0 47,126
MaterSlave_37
0 42,653
0 42,461
0 42,489
0 42,552
0 42,533
0 42,449
0 42,634
0 42,482
0 42,497
0 42,466
MaterSlave_41
0 38,538
0 38,413
0 38,630
0 38,521
0 38,422
0 38,425
0 38,465
0 38,577
0 38,489
0 38,350
MaterSlave_45
0 34,953
0 34,554
0 34,569
0 34,641
0 34,661
0 34,541
0 34,713
0 36,705
0 36,166
0 34,638
MaterSlave_49
0 32,386
0 32,258
0 32,294
0 32,314
0 32,338
0 32,337
0 32,309
0 32,286
0 32,310
0 32,289
MaterSlave_53
0 30,225
0 30,618
0 30,158
0 30,198
0 30,222
0 30,177
0 30,294
0 30,238
0 30,170
0 30,490
MaterSlave_57
0 28,294
0 28,109
0 28,236
0 28,122
0 28,145
0 28,157
0 28,154
0 28,166
0 28,198
0 28,606
MaterSlave_61
0 26,245
0 26,241
0 26,213
0 26,249
0 26,329
0 26,238
0 26,154
0 26,165
0 26,242
0 26,081
MaterSlave_O3_native_65
0 10,630
0 10,509
0 10,421
0 10,486
0 10,482
0 10,477
0 10,518
0 10,514
0 10,526
0 10,550
MaterSlave_O3_65
0 11,557
0 11,534
0 11,569
0 11,526
0 11,514
0 11,474
0 11,442
0 11,446
0 11,509
0 11,474
MaterSlave_O2_65
0 10,913
0 10,838
0 10,866
0 10,882
0 10,893
0 10,878
0 10,905
0 10,862
0 10,870
0 10,834
MaterSlave_65
0 25,834
0 24,382
0 24,530
0 24,326
0 24,350
0 24,458
0 24,622
0 24,317
0 24,426
0 24,402