DAC_O3_native_1
9 58,26
9 58,25
9 58,59
9 58,87
9 58,29
9 58,27
9 58,19
9 58,23
9 58,86
9 58,32
DAC_O3_native_2
5 05,97
5 06,04
5 05,98
5 06,01
5 05,92
5 06,04
5 05,97
5 06,12
5 06,05
5 06,04
DAC_O3_native_4
2 36,80
2 36,83
2 36,81
2 36,81
2 36,77
2 36,82
2 36,82
2 36,81
2 36,78
2 36,81
DAC_O3_native_8
1 19,09
1 18,97
1 19,04
1 18,98
1 18,98
1 18,96
1 18,97
1 18,96
1 19,03
1 19,02
DAC_O3_native_16
0 40,84
0 39,93
0 39,99
0 39,92
0 39,99
0 39,99
0 39,96
0 39,92
0 39,91
0 39,94
DAC_O3_native_32
0 20,90
0 20,47
0 20,46
0 20,47
0 20,43
0 20,47
0 20,50
0 20,43
0 20,44
0 20,37
DAC_O3_native_64
0 11,04
0 10,77
0 10,81
0 10,81
0 10,75
0 10,89
0 10,77
0 10,75
0 10,77
0 10,84
DAC_O3_1
8 43,75
8 43,74
8 43,75
8 43,65
8 43,86
8 44,01
8 43,81
8 43,87
8 43,97
8 43,84
DAC_O3_2
4 27,87
4 27,92
4 27,99
4 27,91
4 27,90
4 27,89
4 27,95
4 27,84
4 27,86
4 27,91
DAC_O3_4
2 17,31
2 17,30
2 17,39
2 17,34
2 17,37
2 17,34
2 17,36
2 17,34
2 17,29
2 17,33
DAC_O3_8
1 09,36
1 09,25
1 09,24
1 09,21
1 09,26
1 09,25
1 09,25
1 09,24
1 09,20
1 09,30
DAC_O3_16
0 35,27
0 35,02
0 35,09
0 35,06
0 35,14
0 35,05
0 35,12
0 35,09
0 35,09
0 35,13
DAC_O3_32
0 18,36
0 18,03
0 18,03
0 18,02
0 18,08
0 18,04
0 18,06
0 18,01
0 18,12
0 18,01
DAC_O3_64
0 09,64
0 09,55
0 09,61
0 09,56
0 09,63
0 09,63
0 09,54
0 09,58
0 09,58
0 09,55
DAC_O2_1
8 42,69
8 42,89
8 43,17
8 43,19
8 43,28
8 43,39
8 42,45
8 42,69
8 42,57
8 42,84
DAC_O2_2
4 27,62
4 27,49
4 27,50
4 27,89
4 27,48
4 27,93
4 26,81
4 27,97
4 27,91
4 27,70
DAC_O2_4
2 17,35
2 17,34
2 16,95
2 17,33
2 17,23
2 17,32
2 17,27
2 17,23
2 17,28
2 17,36
DAC_O2_8
1 09,35
1 09,24
1 09,22
1 09,24
1 09,21
1 09,20
1 09,18
1 09,13
1 09,22
1 09,26
DAC_O2_16
0 35,19
0 35,08
0 35,08
0 35,07
0 35,05
0 35,08
0 35,08
0 35,06
0 35,01
0 35,10
DAC_O2_32
0 18,21
0 18,06
0 18,03
0 18,06
0 18,08
0 18,04
0 18,03
0 18,00
0 18,01
0 18,05
DAC_O2_64
0 09,85
0 09,57
0 09,55
0 09,55
0 09,52
0 09,53
0 09,53
0 09,57
0 09,63
0 09,57
DAC_1
21 22,58
21 22,97
21 22,16
21 22,05
21 23,01
21 24,01
21 22,22
21 22,32
21 22,85
21 22,28
DAC_2
10 55,82
10 55,82
10 55,85
10 55,67
10 55,68
10 55,70
10 55,88
10 55,71
10 55,82
10 55,69
DAC_4
5 35,80
5 35,79
5 35,82
5 36,03
5 35,82
5 35,85
5 35,86
5 35,84
5 35,86
5 35,82
DAC_8
2 48,61
2 48,52
2 48,51
3 27,16
2 48,53
2 48,50
2 48,49
2 48,56
2 48,84
2 48,49
DAC_16
1 25,22
1 24,91
1 24,94
1 24,85
1 24,95
1 24,79
1 24,91
1 43,13
1 44,20
1 24,79
DAC_32
0 52,65
0 52,04
0 42,89
0 42,95
0 42,91
0 43,09
0 43,09
0 43,09
0 43,10
0 51,27
DAC_64
0 26,27
0 22,04
0 26,12
0 26,03
0 26,50
0 26,77
0 26,83
0 26,79
0 22,03
0 26,75
DAC_O3_native_128
0 12,265
0 9,854
0 9,581
0 9,866
0 9,645
0 9,929
0 9,757
0 9,618
0 10,038
0 9,937
DAC_O3_native_256
0 9,417
0 9,414
0 9,666
0 9,481
0 9,386
0 9,337
0 9,614
0 9,398
0 9,410
0 9,498
DAC_O3_128
0 9,601
0 9,805
0 9,925
0 9,622
0 10,006
0 9,789
0 9,959
0 9,573
0 9,709
0 9,982
DAC_O3_256
0 9,345
0 9,417
0 9,357
0 9,337
0 9,398
0 9,481
0 9,389
0 9,449
0 9,510
0 9,445
DAC_O2_128
0 9,961
0 10,265
0 9,754
0 9,805
0 9,725
0 9,727
0 10,177
0 9,507
0 9,353
0 10,229
DAC_O2_256
0 9,457
0 9,498
0 9,554
0 9,509
0 9,350
0 9,457
0 9,421
0 9,486
0 9,329
0 9,586
DAC_128
0 23,177
0 23,442
0 22,914
0 23,514
0 23,266
0 23,018
0 23,218
0 23,305
0 22,845
0 22,774
DAC_256
0 21,593
0 21,681
0 21,877
0 21,849
0 21,713
0 21,798
0 21,866
0 22,030
0 21,933
0 22,070
DAC_O3_native_1
9 59,38
9 59,62
9 59,30
9 59,46
9 59,55
9 59,56
9 59,39
9 59,82
9 59,98
9 59,96
DAC_O3_native_2
5 06,16
5 05,99
5 06,01
5 05,96
5 05,83
5 06,02
5 06,01
5 05,91
5 05,99
5 05,87
DAC_O3_native_4
2 36,83
2 36,79
2 36,78
2 36,80
2 36,82
2 37,10
2 36,82
2 36,82
2 36,77
2 36,82
DAC_O3_native_8
1 19,11
1 18,90
1 18,98
1 18,92
1 18,97
1 18,93
1 18,95
1 18,97
1 18,96
1 18,98
DAC_O3_native_16
0 40,12
0 39,96
0 39,92
0 39,93
0 39,95
0 39,90
0 40,09
0 39,92
0 40,03
0 40,04
DAC_O3_native_32
0 20,79
0 20,49
0 21,26
0 21,92
0 20,48
0 20,45
0 20,46
0 20,61
0 20,56
0 21,11
DAC_O3_native_64
0 11,69
0 11,25
0 11,22
0 10,89
0 10,98
0 10,98
0 11,01
0 11,09
0 11,35
0 11,03
DAC_O3_1
8 44,894
8 44,51
8 45,02
8 44,95
8 45,15
8 44,96
8 45,09
8 45,28
8 44,69
8 45,01
DAC_O3_2
4 27,79
4 27,86
4 27,94
4 27,88
4 27,94
4 27,79
4 27,80
4 27,81
4 27,79
4 27,79
DAC_O3_4
2 17,34
2 17,33
2 17,52
2 17,34
2 17,30
2 17,33
2 17,34
2 17,32
2 17,33
2 17,33
DAC_O3_8
1 09,38
1 09,24
1 09,18
1 09,21
1 09,19
1 09,22
1 09,23
1 09,27
1 09,29
1 09,47
DAC_O3_16
0 35,26
0 35,11
0 35,03
0 35,09
0 35,11
0 35,05
0 35,15
0 35,05
0 35,17
0 35,02
DAC_O3_32
0 18,74
0 18,05
0 18,01
0 18,00
0 18,05
0 18,08
0 18,07
0 18,02
0 18,07
0 19,23
DAC_O3_64
0 11,24
0 10,06
0 10,13
0 10,36
0 10,38
0 10,45
0 10,28
0 10,69
0 10,33
0 10,03
DAC_O2_1
8 44,61
8 44,95
8 44,83
8 44,70
8 44,88
8 44,54
8 45,08
8 44,60
8 44,81
8 44,76
DAC_O2_2
4 27,84
4 27,86
4 27,84
4 27,80
4 27,81
4 27,82
4 27,80
4 27,90
4 27,90
4 27,96
DAC_O2_4
2 17,34
2 17,50
2 17,30
2 17,32
2 17,34
2 17,30
2 17,28
2 17,34
2 17,33
2 17,36
DAC_O2_8
1 09,41
1 09,27
1 09,16
1 09,20
1 09,17
1 09,20
1 09,20
1 09,19
1 09,21
1 09,24
DAC_O2_16
0 35,18
0 35,10
0 35,08
0 35,07
0 35,09
0 35,06
0 35,08
0 35,03
0 35,08
0 35,08
DAC_O2_32
0 18,25
0 18,03
0 18,02
0 17,96
0 18,07
0 18,04
0 18,03
0 17,97
0 18,09
0 18,05
DAC_O2_64
0 10,48
0 11,09
0 10,06
0 10,22
0 10,90
0 10,37
0 10,63
0 09,94
0 10,74
0 10,51
DAC_1
21 24,76
21 24,44
21 24,96
21 24,63
21 25,66
21 26,03
21 24,75
21 25,95
21 25,06
26 26,68
DAC_2
10 55,63
10 55,55
10 55,31
10 55,48
10 55,45
10 55,27
10 55,40
10 55,25
10 55,93
13 20,73
DAC_4
5 35,71
6 53,50
5 35,85
5 35,76
5 35,72
5 35,75
5 35,75
5 36,19
5 35,78
5 35,82
DAC_8
2 48,60
2 48,41
2 48,42
3 26,92
2 48,53
2 48,41
2 48,43
2 48,50
2 48,41
2 48,38
DAC_16
1 25,09
1 44,16
1 24,78
1 24,85
1 44,11
1 24,79
1 24,87
1 24,85
1 24,98
1 24,86
DAC_32
0 43,41
0 42,84
0 52,18
0 42,87
0 42,86
0 52,54
0 42,89
0 42,83
0 52,14
0 52,41
DAC_64
0 31,59
0 30,76
0 29,57
0 31,40
0 28,87
0 29,94
0 36,26
0 34,42
0 35,20
0 29,99