SPMD_O3_native_1
0 49,242
0 47,658
0 47,746
0 47,814
0 48,345
0 47,853
0 49,174
0 48,026
0 47,862
0 49,534
SPMD_O3_native_2
0 40,418
0 40,638
0 41,049
0 40,530
0 40,637
0 40,599
0 40,549
0 40,683
0 40,612
0 40,644
SPMD_O3_native_4
0 38,334
0 38,350
0 38,309
0 38,331
0 38,380
0 38,338
0 38,242
0 38,306
0 38,193
0 38,353
SPMD_O3_native_8
0 23,450
0 23,419
0 23,453
0 23,538
0 23,514
0 23,461
0 23,526
0 23,565
0 23,425
0 23,543
SPMD_O3_native_12
0 23,233
0 23,377
0 23,438
0 23,018
0 23,761
0 24,109
0 23,090
0 22,912
0 23,616
0 23,474
SPMD_O3_native_16
0 19,520
0 19,217
0 19,318
0 19,541
0 19,217
0 19,224
0 19,433
0 19,328
0 19,344
0 19,338
SPMD_O3_native_20
0 18,289
0 18,166
0 18,177
0 18,150
0 17,993
0 18,120
0 18,135
0 18,302
0 18,105
0 18,153
SPMD_O3_native_24
0 17,081
0 16,429
0 16,521
0 17,141
0 17,077
0 16,777
0 16,753
0 17,048
0 16,807
0 16,425
SPMD_O3_native_28
0 17,296
0 17,124
0 17,225
0 17,183
0 17,123
0 17,221
0 17,216
0 17,293
0 17,189
0 17,228
SPMD_O3_native_32
0 12,636
0 12,449
0 12,436
0 12,485
0 12,445
0 12,544
0 12,448
0 12,560
0 12,465
0 12,517
SPMD_O3_native_36
0 14,668
0 14,185
0 14,165
0 14,700
0 14,288
0 14,489
0 14,061
0 14,432
0 13,981
0 14,248
SPMD_O3_native_40
0 11,380
0 11,453
0 11,293
0 11,285
0 11,344
0 11,268
0 11,287
0 11,389
0 11,228
0 11,312
SPMD_O3_native_44
0 16,581
0 16,261
0 16,324
0 16,284
0 16,341
0 16,356
0 16,396
0 16,252
0 16,388
0 16,233
SPMD_O3_native_48
0 10,700
0 10,492
0 10,629
0 10,617
0 10,493
0 10,519
0 10,557
0 10,589
0 10,585
0 10,648
SPMD_O3_native_52
0 16,288
0 16,136
0 16,205
0 16,091
0 16,065
0 16,192
0 16,120
0 16,133
0 16,149
0 15,968
SPMD_O3_native_56
0 9,924
0 9,801
0 9,912
0 9,913
0 9,849
0 9,890
0 9,989
0 9,849
0 9,913
0 9,853
SPMD_O3_native_60
0 9,813
0 9,781
0 9,788
0 9,788
0 9,785
0 9,865
0 9,789
0 9,785
0 9,761
0 9,788
SPMD_O3_native_64
0 9,397
0 9,340
0 9,336
0 9,429
0 9,353
0 9,380
0 9,457
0 9,354
0 9,329
0 9,362
SPMD_O3_1
0 48,711
0 48,591
0 48,548
0 48,718
0 48,797
0 47,109
0 47,190
0 48,670
0 47,136
0 48,737
SPMD_O3_2
0 40,471
0 40,503
0 40,427
0 40,504
0 40,483
0 40,570
0 40,565
0 40,524
0 40,501
0 40,556
SPMD_O3_4
0 38,309
0 38,558
0 38,385
0 38,426
0 38,313
0 38,346
0 38,475
0 38,278
0 38,285
0 38,361
SPMD_O3_8
0 23,622
0 23,514
0 23,561
0 23,596
0 23,630
0 23,684
0 23,615
0 23,611
0 23,521
0 23,550
SPMD_O3_12
0 23,048
0 23,574
0 23,797
0 23,450
0 23,532
0 24,048
0 22,933
0 23,298
0 23,374
0 23,766
SPMD_O3_16
0 19,461
0 19,245
0 19,365
0 19,412
0 19,406
0 19,021
0 19,458
0 19,490
0 19,397
0 19,113
SPMD_O3_20
0 18,273
0 18,134
0 18,097
0 18,077
0 18,320
0 18,161
0 18,250
0 18,228
0 18,044
0 18,131
SPMD_O3_24
0 17,149
0 17,300
0 16,936
0 16,999
0 16,552
0 17,181
0 17,457
0 16,248
0 16,701
0 17,045
SPMD_O3_28
0 17,308
0 17,193
0 17,249
0 17,188
0 17,177
0 17,153
0 17,096
0 17,205
0 17,121
0 17,023
SPMD_O3_32
0 12,579
0 12,516
0 12,436
0 12,397
0 12,476
0 12,492
0 12,580
0 12,449
0 12,517
0 12,529
SPMD_O3_36
0 14,327
0 14,340
0 14,377
0 14,300
0 14,385
0 14,301
0 14,125
0 14,408
0 14,333
0 14,361
SPMD_O3_40
0 11,440
0 11,289
0 11,377
0 11,369
0 11,308
0 11,207
0 11,156
0 11,395
0 11,352
0 11,284
SPMD_O3_44
0 16,580
0 16,305
0 16,184
0 16,301
0 16,289
0 16,236
0 16,162
0 16,460
0 16,300
0 16,450
SPMD_O3_48
0 10,568
0 10,560
0 10,597
0 10,429
0 10,368
0 10,636
0 10,456
0 10,565
0 10,657
0 10,448
SPMD_O3_52
0 16,689
0 16,060
0 16,073
0 16,168
0 16,161
0 16,125
0 16,339
0 16,477
0 16,236
0 16,125
SPMD_O3_56
0 9,984
0 9,825
0 9,793
0 9,840
0 9,773
0 9,905
0 9,869
0 9,819
0 9,826
0 9,885
SPMD_O3_60
0 9,837
0 9,745
0 9,820
0 9,733
0 9,749
0 9,717
0 9,784
0 9,761
0 9,725
0 9,789
SPMD_O3_64
0 9,441
0 9,373
0 9,373
0 9,324
0 9,301
0 9,336
0 9,342
0 9,317
0 9,345
0 9,417
SPMD_O2_1
2 0,815
2 0,829
2 0,782
2 0,372
2 0,293
2 0,785
2 0,197
2 0,242
2 0,830
2 0,769
SPMD_O2_2
1 4,354
1 4,216
1 4,420
1 4,296
1 4,341
1 4,520
1 4,424
1 10,708
1 4,336
1 4,384
SPMD_O2_4
0 43,527
0 41,254
0 43,689
0 41,274
0 41,264
0 41,297
0 41,352
0 41,526
0 43,121
0 41,401
SPMD_O2_8
0 27,411
0 27,219
0 27,179
0 28,159
0 27,215
0 27,229
0 27,312
0 27,277
0 27,108
0 27,186
SPMD_O2_12
0 24,136
0 24,046
0 24,637
0 24,185
0 24,775
0 25,048
0 23,818
0 24,309
0 23,913
0 24,269
SPMD_O2_16
0 22,668
0 21,978
0 22,392
0 22,402
0 22,414
0 22,461
0 22,478
0 22,402
0 22,440
0 22,428
SPMD_O2_20
0 21,235
0 21,284
0 21,153
0 21,218
0 21,165
0 21,232
0 20,971
0 21,221
0 21,256
0 21,210
SPMD_O2_24
0 18,213
0 18,616
0 18,800
0 18,323
0 18,560
0 18,541
0 19,001
0 17,980
0 18,065
0 18,585
SPMD_O2_28
0 19,708
0 19,661
0 19,521
0 19,480
0 19,761
0 19,469
0 19,600
0 19,293
0 19,636
0 19,532
SPMD_O2_32
0 14,060
0 13,645
0 13,519
0 13,599
0 14,133
0 13,528
0 14,179
0 14,220
0 13,765
0 13,552
SPMD_O2_36
0 15,396
0 16,025
0 15,288
0 15,541
0 15,345
0 15,912
0 15,565
0 15,481
0 15,961
0 15,757
SPMD_O2_40
0 12,706
0 12,654
0 12,533
0 12,601
0 12,466
0 12,676
0 12,724
0 12,450
0 12,493
0 12,689
SPMD_O2_44
0 18,004
0 17,930
0 17,974
0 17,940
0 18,094
0 17,921
0 17,893
0 18,081
0 17,993
0 17,928
SPMD_O2_48
0 11,706
0 11,510
0 11,601
0 11,549
0 11,650
0 11,490
0 11,657
0 11,622
0 11,565
0 11,593
SPMD_O2_52
0 17,765
0 17,317
0 18,705
0 17,545
0 17,617
0 17,572
0 17,689
0 17,469
0 17,538
0 17,505
SPMD_O2_56
0 11,013
0 10,881
0 10,790
0 10,821
0 10,870
0 10,902
0 10,898
0 10,808
0 10,889
0 10,846
SPMD_O2_60
0 10,949
0 10,828
0 11,094
0 10,798
0 10,733
0 10,801
0 10,878
0 10,773
0 10,895
0 10,973
SPMD_O2_64
0 10,397
0 10,320
0 10,310
0 10,388
0 10,335
0 10,294
0 10,442
0 10,285
0 10,429
0 10,358
SPMD_1
8 9,705
8 9,474
8 11,062
9 9,537
8 9,846
8 9,834
8 10,892
8 10,446
8 11,035
8 11,386
SPMD_2
4 11,169
4 11,273
4 11,201
4 11,466
4 12,540
4 11,176
4 11,104
4 29,239
4 11,169
4 11,064
SPMD_4
2 9,388
2 9,386
2 9,430
2 14,362
2 9,565
2 9,345
2 16,580
2 27,008
2 10,379
2 9,342
SPMD_8
1 13,280
1 13,312
1 13,269
1 13,147
1 13,195
1 13,188
1 13,612
1 13,172
1 13,224
1 13,296
SPMD_12
0 56,547
0 56,431
0 56,664
0 56,654
0 56,170
0 58,076
2 24,953
0 57,388
0 56,044
0 56,340
SPMD_16
0 45,872
0 46,273
0 46,169
0 46,044
0 46,735
0 46,229
0 46,216
0 46,141
0 47,816
0 46,143
SPMD_20
0 40,220
0 40,044
0 40,224
0 40,061
0 40,712
0 40,169
0 39,968
0 40,088
0 40,032
0 40,208
SPMD_24
0 35,055
0 34,969
0 34,480
0 34,441
0 34,560
0 33,725
0 35,400
0 34,144
0 34,055
0 34,889
SPMD_28
0 33,132
0 32,993
0 32,996
0 34,633
0 34,156
0 33,253
0 34,080
0 33,797
0 33,140
0 32,985
SPMD_32
0 25,560
0 25,430
0 27,109
0 25,437
0 25,441
0 25,445
0 25,513
0 26,577
0 26,177
0 25,416
SPMD_36
0 27,241
0 26,129
0 26,348
0 26,556
0 27,052
0 26,329
0 26,608
0 26,365
0 26,128
0 26,201
SPMD_40
0 22,672
0 22,105
0 22,069
0 21,968
0 22,726
0 22,849
0 22,084
0 22,069
0 22,005
0 21,992
SPMD_44
0 26,493
0 26,412
0 27,022
0 26,565
0 26,665
0 26,456
0 26,793
0 26,904
0 26,645
0 26,808
SPMD_48
0 19,596
0 19,688
0 19,972
0 19,581
0 19,981
0 19,536
0 19,665
0 20,532
0 19,686
0 19,769
SPMD_52
0 25,133
0 25,845
0 24,726
0 36,649
0 24,785
0 24,737
0 24,854
0 24,989
0 24,941
0 24,526
SPMD_56
0 17,636
0 17,597
0 17,468
0 17,579
0 17,605
0 17,592
0 17,652
0 17,493
0 17,733
0 17,464
SPMD_60
0 17,569
0 17,324
0 17,245
0 17,266
0 17,825
0 17,300
0 17,165
0 17,305
0 17,264
0 17,332
SPMD_64
0 16,288
0 16,196
0 16,292
0 16,384
0 16,350
0 16,413
0 16,325
0 16,544
0 32,225
0 16,252
SPMD_O3_native_128
0 14,475
0 14,514
0 15,149
0 17,218
0 13,574
0 11,878
0 13,046
0 13,837
0 14,369
0 15,697
SPMD_O3_native_256
1 21,701
1 20,534
1 22,242
1 21,633
1 23,077
1 21,594
1 21,310
1 20,846
1 23,821
1 19,598
SPMD_O3_128
0 12,502
0 14,854
0 13,521
0 13,714
0 14,981
0 12,950
0 13,697
0 14,402
0 16,058
0 13,374
SPMD_O3_256
1 19,178
1 20,598
1 21,969
1 21,369
1 21,229
1 21,598
1 23,058
1 20,973
1 18,917
1 21,206
SPMD_O2_128
0 14,917
0 14,957
0 16,941
0 13,597
0 16,734
0 14,482
0 13,726
0 14,653
0 16,890
0 15,169
SPMD_O2_256
1 23,086
1 21,886
1 22,090
1 20,745
1 21,381
1 21,830
1 23,645
1 21,850
1 24,037
1 21,570
SPMD_128
0 26,762
0 26,766
0 28,234
0 26,190
0 24,722
0 24,230
0 26,149
0 23,325
0 24,430
0 23,349
SPMD_256
1 27,550
1 26,470
1 27,518
1 27,761
1 27,534
1 29,134
1 27,922
1 27,553
1 27,246
1 28,414
SPMD_O3_native_1
0 47,333
0 47,479
0 46,135
0 47,362
0 47,550
0 46,118
0 47,521
0 47,539
0 47,493
0 46,343
SPMD_O3_native_2
0 40,042
0 39,934
0 39,990
0 40,073
0 40,039
0 40,429
0 39,865
0 40,271
0 40,090
0 40,121
SPMD_O3_native_4
0 38,053
0 38,006
0 38,035
0 38,098
0 38,025
0 37,906
0 38,131
0 38,031
0 37,986
0 37,861
SPMD_O3_native_8
0 23,635
0 23,466
0 25,804
0 25,549
0 25,177
0 25,285
0 25,965
0 26,154
0 25,328
0 23,508
SPMD_O3_native_12
0 24,239
0 23,498
0 23,517
0 24,253
0 23,699
0 23,854
0 23,333
0 23,814
0 23,806
0 22,826
SPMD_O3_native_16
0 19,441
0 19,367
0 19,514
0 19,273
0 19,450
0 19,158
0 19,409
0 19,214
0 18,837
0 19,395
SPMD_O3_native_20
0 18,190
0 18,089
0 18,267
0 18,077
0 18,211
0 18,145
0 18,134
0 18,182
0 18,150
0 18,050
SPMD_O3_native_24
0 16,437
0 16,509
0 17,359
0 16,557
0 17,173
0 17,031
0 17,109
0 16,573
0 16,897
0 16,958
SPMD_O3_native_28
0 17,369
0 17,174
0 17,086
0 17,161
0 17,218
0 17,274
0 17,313
0 17,190
0 17,198
0 17,253
SPMD_O3_native_32
0 12,513
0 12,387
0 12,442
0 12,573
0 12,458
0 12,541
0 12,402
0 12,370
0 12,454
0 12,454
SPMD_O3_native_36
0 14,777
0 14,902
0 14,101
0 13,977
0 14,387
0 14,463
0 14,538
0 14,514
0 14,517
0 14,369
SPMD_O3_native_40
0 11,387
0 11,361
0 11,482
0 11,301
0 11,362
0 11,298
0 11,313
0 11,257
0 11,309
0 11,362
SPMD_O3_native_44
0 16,389
0 16,382
0 16,346
0 16,353
0 16,482
0 16,242
0 16,233
0 16,406
0 16,194
0 16,301
SPMD_O3_native_48
0 10,641
0 10,614
0 10,485
0 10,677
0 10,613
0 10,454
0 10,602
0 10,542
0 10,370
0 10,530
SPMD_O3_native_52
0 16,234
0 16,186
0 16,342
0 16,069
0 16,066
0 16,066
0 16,145
0 16,198
0 16,186
0 16,102
SPMD_O3_native_56
0 9,962
0 9,826
0 9,861
0 9,895
0 9,913
0 9,889
0 9,861
0 9,893
0 9,842
0 9,909
SPMD_O3_native_60
0 10,012
0 9,873
0 9,838
0 9,877
0 9,874
0 9,761
0 9,874
0 9,885
0 9,829
0 9,777
SPMD_O3_native_64
0 9,430
0 9,369
0 9,461
0 9,454
0 9,349
0 9,562
0 9,462
0 9,494
0 9,445
0 9,482
SPMD_O3_1
0 46,157
0 45,931
0 47,790
0 47,817
0 48,018
0 46,245
0 47,946
0 46,211
0 46,532
0 47,906
SPMD_O3_2
0 40,085
0 40,253
0 40,106
0 39,851
0 40,186
0 40,202
0 40,285
0 40,259
0 40,209
0 40,135
SPMD_O3_4
0 37,959
0 37,970
0 38,029
0 38,275
0 37,983
0 38,081
0 38,219
0 37,997
0 38,046
0 38,458
SPMD_O3_8
0 23,685
0 23,402
0 23,486
0 23,558
0 23,458
0 23,462
0 23,542
0 23,469
0 23,511
0 23,473
SPMD_O3_12
0 23,042
0 22,830
0 24,138
0 23,078
0 23,457
0 23,654
0 22,826
0 23,130
0 23,505
0 23,267
SPMD_O3_16
0 18,978
0 19,074
0 19,350
0 19,281
0 19,110
0 19,397
0 19,126
0 18,637
0 19,082
0 19,142
SPMD_O3_20
0 18,278
0 18,066
0 18,077
0 18,101
0 18,078
0 18,013
0 18,090
0 18,181
0 18,102
0 18,118
SPMD_O3_24
0 17,134
0 16,957
0 16,217
0 16,286
0 16,374
0 16,994
0 17,030
0 17,289
0 16,850
0 16,426
SPMD_O3_28
0 17,317
0 17,282
0 17,145
0 17,207
0 17,210
0 17,126
0 17,217
0 17,085
0 17,133
0 17,217
SPMD_O3_32
0 12,710
0 12,438
0 12,481
0 12,431
0 12,330
0 12,466
0 12,370
0 12,550
0 12,534
0 12,445
SPMD_O3_36
0 14,777
0 14,426
0 14,546
0 14,242
0 14,814
0 14,421
0 14,661
0 14,222
0 14,350
0 14,217
SPMD_O3_40
0 11,525
0 11,249
0 11,334
0 11,237
0 11,314
0 11,279
0 11,221
0 11,315
0 11,398
0 11,269
SPMD_O3_44
0 16,565
0 16,598
0 16,229
0 16,194
0 16,174
0 16,277
0 16,294
0 16,214
0 16,322
0 16,294
SPMD_O3_48
0 10,601
0 10,362
0 10,442
0 10,433
0 10,494
0 10,541
0 10,585
0 10,486
0 10,577
0 10,285
SPMD_O3_52
0 16,282
0 16,294
0 16,057
0 16,034
0 16,085
0 16,073
0 16,109
0 16,105
0 16,134
0 16,121
SPMD_O3_56
0 9,941
0 9,786
0 9,953
0 9,813
0 9,862
0 9,817
0 9,866
0 9,801
0 9,789
0 9,857
SPMD_O3_60
0 9,917
0 9,881
0 9,627
0 9,866
0 9,934
0 9,874
0 9,924
0 9,872
0 10,044
0 10,232
SPMD_O3_64
0 9,712
0 9,558
0 9,777
0 9,651
0 9,897
0 9,569
0 10,359
0 9,554
0 9,610
0 9,412
SPMD_O2_1
2 22,262
2 0,693
2 0,535
2 0,775
2 0,042
2 0,095
2 0,541
2 0,767
2 0,082
2 0,869
SPMD_O2_2
1 4,483
1 4,517
1 4,471
1 4,513
1 4,490
1 4,434
1 10,965
1 4,547
1 4,317
1 4,550
SPMD_O2_4
0 41,425
0 41,470
0 41,745
0 41,387
0 42,301
0 45,627
0 48,956
0 41,534
0 41,775
0 44,295
SPMD_O2_8
0 34,830
0 35,010
0 32,313
0 37,380
0 32,933
0 29,783
0 27,183
0 27,379
0 27,066
0 27,293
SPMD_O2_12
0 24,118
0 24,994
0 24,066
0 25,106
0 24,117
0 24,362
0 24,150
0 24,622
0 23,769
0 23,978
SPMD_O2_16
0 22,583
0 22,465
0 22,454
0 22,477
0 22,851
0 22,554
0 22,521
0 22,886
0 22,590
0 22,405
SPMD_O2_20
0 21,375
0 21,309
0 21,213
0 21,089
0 21,133
0 21,082
0 21,229
0 21,150
0 21,605
0 21,258
SPMD_O2_24
0 18,677
0 18,326
0 18,505
0 18,765
0 18,229
0 18,401
0 18,177
0 18,257
0 18,730
0 18,142
SPMD_O2_28
0 19,609
0 19,546
0 19,613
0 19,446
0 19,529
0 19,586
0 19,473
0 19,535
0 19,526
0 19,654
SPMD_O2_32
0 13,749
0 13,661
0 13,713
0 14,162
0 13,721
0 13,617
0 13,634
0 13,665
0 13,705
0 13,570
SPMD_O2_36
0 15,770
0 15,669
0 15,910
0 15,933
0 15,853
0 15,873
0 15,618
0 15,377
0 15,550
0 16,197
SPMD_O2_40
0 12,641
0 12,462
0 12,569
0 12,537
0 12,493
0 12,875
0 12,581
0 12,497
0 12,542
0 12,557
SPMD_O2_44
0 18,145
0 17,930
0 18,054
0 18,037
0 17,941
0 17,878
0 17,894
0 17,802
0 17,806
0 17,777
SPMD_O2_48
0 11,630
0 11,483
0 11,473
0 11,645
0 11,668
0 11,801
0 11,565
0 11,545
0 11,457
0 11,639
SPMD_O2_52
0 17,637
0 17,438
0 17,418
0 17,482
0 17,478
0 17,541
0 17,477
0 17,630
0 17,454
0 17,485
SPMD_O2_56
0 11,449
0 11,106
0 11,086
0 10,758
0 11,014
0 11,258
0 11,309
0 10,841
0 11,294
0 10,981
SPMD_O2_60
0 11,133
0 11,122
0 11,278
0 11,161
0 10,885
0 11,130
0 11,154
0 11,078
0 10,922
0 11,074
SPMD_O2_64
0 10,925
0 10,882
0 10,902
0 10,785
0 10,890
0 10,266
0 10,789
0 10,677
0 10,646
0 10,437
SPMD_1
8 11,845
8 10,031
8 10,550
8 29,022
8 11,697
8 25,530
8 10,459
8 27,129
8 11,971
8 11,335
SPMD_2
4 11,162
4 11,234
4 20,983
4 20,462
4 11,274
4 25,796
4 28,782
4 11,133
4 11,331
4 38,369
SPMD_4
2 9,321
2 9,399
2 18,611
2 9,345
2 10,246
2 41,883
2 26,714
2 27,266
2 14,005
2 20,727
SPMD_8
1 13,262
1 15,355
1 13,190
1 13,591
1 13,998
1 17,614
1 16,406
1 13,141
1 15,205
1 23,260
SPMD_12
1 2,062
1 6,266
1 3,045
0 58,631
1 2,754
0 56,325
0 55,841
0 56,694
0 56,042
0 56,781
SPMD_16
0 46,325
0 49,349
0 51,400
0 53,001
0 51,570
0 49,204
0 46,206
0 46,778
0 45,938
0 49,489
SPMD_20
1 28,181
0 41,789
0 40,074
0 40,069
0 40,022
0 40,065
0 40,218
0 40,078
0 40,525
0 40,451
SPMD_24
0 38,896
0 44,829
0 36,798
0 35,010
1 3,558
0 34,706
0 35,113
0 35,217
0 34,042
0 34,702
SPMD_28
0 33,358
0 33,038
0 33,702
0 32,989
0 37,483
0 40,763
0 40,074
0 39,790
0 40,187
0 40,106
SPMD_32
0 31,716
0 32,685
0 25,770
0 26,497
0 26,914
0 26,557
0 26,654
0 26,442
0 26,481
0 25,462
SPMD_36
0 26,173
0 26,386
0 26,486
0 27,154
0 32,087
0 30,078
0 25,911
0 26,101
0 26,197
0 26,458
SPMD_40
0 22,569
0 22,029
0 22,570
0 21,966
0 22,557
0 26,409
0 28,922
0 27,613
0 24,443
0 27,092
SPMD_44
0 30,597
0 30,903
0 31,307
0 33,926
0 26,433
0 26,478
0 26,485
0 26,513
0 26,334
0 26,445
SPMD_48
0 21,094
0 19,569
0 22,586
0 21,057
0 20,870
0 22,574
0 20,445
0 22,154
0 21,022
0 22,525
SPMD_52
0 27,237
0 28,954
0 29,315
0 29,294
0 29,324
0 29,570
0 28,896
0 28,830
0 29,405
0 29,069
SPMD_56
0 21,153
0 21,010
0 18,634
0 18,553
0 20,205
0 19,294
0 21,945
0 20,297
0 20,857
0 21,828
SPMD_60
0 21,932
0 21,866
0 21,616
0 22,332
0 22,044
0 23,809
0 23,078
0 22,172
0 21,692
0 21,594
SPMD_64
0 20,494
0 19,213
0 20,517
0 20,509
0 20,362
0 17,461
0 20,390
0 20,553
0 20,026
0 18,385