SPMDv3_O3_native_1
16 56,32
16 55,67
16 54,82
16 58,83
16 58,43
16 58,64
16 55,58
16 56,65
16 58,80
17 00,23
16 59,05
16 57,79
16 57,33
16 58,12
16 58,67
16 57,96
16 58,22
16 58,03
17 04,08
16 57,35
16 56,49
16 56,64
16 58,51
16 56,22
16 55,90
16 58,96
16 57,89
16 56,73
16 56,30
16 54,63
SPMDv3_O3_native_2
8 40,29
8 40,48
8 40,27
8 39,83
8 39,89
8 40,52
8 40,42
8 40,74
8 40,48
8 39,90
8 39,88
8 40,50
8 40,80
8 40,61
8 40,63
8 40,47
8 41,21
8 41,17
8 40,90
8 40,79
8 40,60
8 40,51
8 40,47
8 40,66
8 40,10
8 39,98
8 40,68
8 40,72
8 40,64
8 40,23
SPMDv3_O3_native_4
4 27,16
4 27,01
4 27,16
4 27,15
4 27,03
4 27,21
4 27,17
4 27,20
4 27,20
4 27,12
4 26,97
4 27,05
4 27,23
4 27,15
4 29,45
4 27,18
4 27,28
4 27,34
4 27,12
4 27,21
4 27,04
4 27,13
4 27,37
4 27,20
4 27,37
4 27,12
4 27,11
4 27,11
4 27,31
4 27,16
SPMDv3_O3_native_8
2 22,27
2 22,19
3 28,17
3 30,97
3 31,21
3 28,35
3 29,92
3 27,21
3 29,20
3 24,50
3 31,11
3 28,65
3 28,60
3 27,25
3 27,02
3 29,42
3 30,30
3 28,25
3 28,75
3 26,02
2 21,84
2 21,95
2 21,94
2 22,02
3 29,93
3 32,96
3 29,79
SPMDv3_O3_native_12
2 28,365
2 53,457
2 57,759
2 53,719
2 28,840
2 26,824
2 32,544
2 52,412
2 43,180
2 36,284
SPMDv3_O3_native_16
2 13,754
1 56,235
1 56,796
2 6,851
1 21,346
1 21,361
1 21,113
1 21,005
1 21,381
1 21,125
SPMDv3_O3_native_20
1 8,085
1 7,801
1 8,002
1 7,677
1 7,622
1 7,621
1 7,621
1 7,762
1 7,666
1 7,629
SPMDv3_O3_native_24
0 57,417
0 56,877
0 57,161
0 57,445
0 57,473
0 57,615
0 57,921
0 56,814
0 57,341
0 57,638
SPMDv3_O3_native_28
0 52,585
0 53,678
0 52,566
0 52,594
1 14,669
0 52,437
0 52,594
0 52,477
0 52,489
0 52,497
SPMDv3_O3_native_32
0 43,418
0 42,817
0 42,734
0 42,613
0 42,633
0 42,561
0 42,565
0 42,465
0 42,710
0 42,585
SPMDv3_O3_native_36
0 41,993
0 41,693
0 41,598
0 41,717
0 41,334
0 41,249
0 41,217
0 41,535
0 41,314
0 41,457
SPMDv3_O3_native_40
0 35,777
0 35,877
0 35,678
0 35,706
0 35,597
0 35,677
0 35,609
0 35,617
0 35,697
0 35,669
SPMDv3_O3_native_44
0 39,121
0 38,872
0 38,754
0 38,917
0 38,909
0 38,668
0 38,890
0 38,965
0 38,953
0 39,045
SPMDv3_O3_native_48
0 30,805
0 30,898
0 30,902
0 30,805
0 30,787
0 30,933
0 30,902
0 30,954
0 30,858
0 30,825
SPMDv3_O3_native_52
0 35,377
0 35,437
0 35,301
0 35,265
0 35,338
0 35,238
0 35,413
0 35,341
0 35,413
0 35,498
SPMDv3_O3_native_56
0 27,265
0 27,358
0 27,150
0 27,189
0 27,145
0 27,169
0 27,289
0 27,365
0 27,282
0 27,170
SPMDv3_O3_native_60
0 26,745
0 26,562
0 26,462
0 26,374
0 26,349
0 26,382
0 26,333
0 26,814
0 26,313
0 26,397
SPMDv3_O3_native_64
0 25,369
0 24,774
0 24,782
0 24,837
0 24,786
0 24,710
0 24,833
0 25,053
0 24,849
0 24,770
SPMDv3_O3_1
17 00,10
16 59,19
16 59,34
16 59,77
16 58,54
16 58,22
16 59,13
17 01,33
16 59,92
16 59,30
16 59,35
16 58,60
16 59,64
17 00,51
17 00,10
16 58,72
16 58,46
17 06,79
16 57,68
17 00,64
16 58,61
17 00,15
16 58,57
16 59,32
16 57,59
16 58,53
16 58,95
16 58,41
16 54,70
16 55,66
SPMDv3_O3_2
8 41,57
8 41,62
8 41,09
8 40,84
8 40,97
8 40,98
8 40,85
8 41,19
8 41,57
8 41,30
8 41,50
8 41,39
8 41,72
8 41,62
8 40,98
8 41,55
8 41,85
8 41,49
8 41,58
8 41,56
8 41,46
8 41,60
8 45,08
8 41,55
8 47,17
8 42,05
8 42,19
8 41,58
8 41,53
8 41,08
SPMDv3_O3_4
4 27,53
4 27,36
4 27,50
4 27,52
4 27,82
4 27,50
4 27,47
4 29,91
4 27,56
4 27,43
4 27,65
4 27,54
4 27,50
4 27,50
4 30,28
4 27,63
4 27,70
4 29,96
4 27,58
4 29,83
4 27,57
4 27,47
4 27,57
4 27,50
4 27,63
4 27,50
4 27,64
4 27,54
4 27,42
4 27,60
SPMDv3_O3_8
2 22,24
2 22,15
2 22,19
3 28,04
3 29,41
2 22,11
3 26,82
3 24,93
3 28,68
3 26,43
3 25,55
3 26,37
3 24,39
3 24,61
3 23,75
3 25,47
3 28,56
3 26,60
3 23,59
3 22,87
3 27,82
3 27,10
3 23,93
3 25,09
2 22,17
2 24,12
3 29,25
SPMDv3_O3_12
1 41,549
1 41,669
1 41,622
1 41,309
1 41,485
1 41,254
1 41,498
1 41,682
1 41,482
1 41,449
SPMDv3_O3_16
1 21,709
1 20,993
1 21,294
1 21,086
1 21,077
1 21,225
1 21,025
1 21,070
1 21,038
1 20,990
SPMDv3_O3_20
1 7,849
1 7,538
1 7,749
1 7,617
1 7,814
1 8,001
1 7,742
1 7,698
1 7,702
1 7,685
SPMDv3_O3_24
0 57,601
0 56,781
0 57,365
0 57,363
0 57,595
0 57,169
0 57,422
0 57,321
0 58,033
0 57,441
SPMDv3_O3_28
0 52,706
0 52,541
0 52,638
0 52,477
0 52,666
0 52,545
0 52,614
0 52,557
0 52,749
0 52,569
SPMDv3_O3_32
0 43,717
0 42,730
0 42,697
0 42,530
0 42,718
0 42,950
0 42,645
0 42,545
0 42,566
0 42,597
SPMDv3_O3_36
0 41,505
0 41,562
0 41,421
0 41,277
0 41,657
0 41,481
0 41,518
0 41,410
0 41,249
0 41,114
SPMDv3_O3_40
0 35,762
0 35,726
0 35,693
0 35,706
0 35,662
0 35,733
0 35,813
0 35,870
0 35,653
0 35,717
SPMDv3_O3_44
0 38,938
0 38,886
0 38,908
0 38,907
0 38,837
0 38,881
0 38,910
0 38,813
0 38,918
0 38,893
SPMDv3_O3_48
0 30,849
0 30,845
0 30,881
0 30,906
0 31,042
0 30,877
0 30,829
0 31,054
0 30,869
0 30,881
SPMDv3_O3_52
0 35,517
0 35,349
0 35,281
0 34,845
0 35,345
0 35,326
0 35,309
0 35,381
0 35,405
0 35,322
SPMDv3_O3_56
0 27,293
0 27,153
0 27,293
0 27,505
0 27,237
0 27,194
0 27,249
0 27,313
0 27,281
0 27,182
SPMDv3_O3_60
0 26,449
0 26,449
0 27,113
0 26,422
0 26,478
0 26,281
0 26,562
0 26,386
0 26,425
0 26,494
SPMDv3_O3_64
0 24,896
0 24,797
0 25,145
0 24,817
0 24,857
0 24,854
0 24,749
0 24,814
0 24,805
0 24,817
SPMDv3_O2_1
17 00,03
16 58,83
16 55,13
16 58,04
16 57,39
16 59,50
16 59,15
16 59,45
16 57,63
17 00,05
16 59,74
16 58,98
16 57,86
16 58,26
16 59,76
16 57,65
16 58,45
16 58,29
16 58,28
17 00,67
16 58,88
16 59,00
16 57,75
16 58,85
16 58,76
16 59,14
16 59,79
16 59,38
16 58,73
16 54,80
SPMDv3_O2_2
8 41,49
8 40,78
8 40,87
8 41,34
8 41,56
8 40,83
8 40,75
8 46,47
8 41,30
8 41,34
8 40,86
8 41,57
8 41,44
8 41,54
8 44,49
8 41,19
8 41,44
8 41,45
8 41,33
8 41,40
8 41,24
8 41,88
8 41,88
8 41,48
8 41,50
8 41,48
8 41,38
8 41,41
8 40,85
8 41,02
SPMDv3_O2_4
4 27,59
4 27,42
4 27,44
4 31,23
4 27,50
4 27,49
4 27,40
4 27,55
4 27,51
4 27,49
4 27,51
4 29,18
4 27,64
4 27,51
4 27,59
4 27,50
4 27,49
4 27,69
4 31,38
4 27,42
4 27,50
4 27,41
4 27,41
4 27,35
4 27,43
4 27,51
4 27,54
4 27,50
4 27,36
4 27,42
SPMDv3_O2_8
2 22,08
2 22,14
2 22,09
3 30,81
3 27,30
3 30,36
2 22,11
2 21,99
3 29,58
3 25,92
3 26,08
3 27,33
3 25,30
3 25,14
3 25,04
3 25,95
3 26,85
3 25,97
3 24,55
3 25,84
3 26,19
3 25,18
3 27,85
3 25,98
3 25,44
3 26,10
2 22,89
SPMDv3_O2_12
1 41,561
1 41,378
1 42,013
1 41,653
1 41,486
1 41,334
1 41,438
1 41,325
1 41,538
1 41,345
SPMDv3_O2_16
1 21,145
1 20,978
1 21,046
1 20,961
1 21,002
1 20,989
1 21,018
1 20,937
1 21,051
1 21,029
SPMDv3_O2_20
1 7,865
1 7,613
1 7,659
1 7,857
1 7,534
1 7,705
1 7,730
1 7,838
1 7,653
1 7,658
SPMDv3_O2_24
0 57,805
0 56,957
0 56,790
0 56,853
0 57,574
0 57,601
0 58,014
0 56,857
0 56,853
0 56,873
SPMDv3_O2_28
0 52,755
0 52,642
0 52,630
0 52,557
0 52,642
0 52,621
0 52,549
0 52,421
0 52,622
0 52,456
SPMDv3_O2_32
0 43,671
0 42,758
0 42,733
0 42,623
0 42,625
0 42,669
0 42,565
0 42,643
0 42,646
0 42,581
SPMDv3_O2_36
0 41,758
0 41,134
0 41,162
0 41,714
0 41,565
0 41,058
0 41,530
0 41,498
0 41,122
0 41,370
SPMDv3_O2_40
0 35,830
0 35,737
0 35,713
0 35,698
0 35,889
0 35,789
0 35,790
0 35,777
0 35,677
0 35,910
SPMDv3_O2_44
0 39,057
0 38,878
0 38,785
0 39,078
0 38,789
0 38,922
0 38,913
0 38,862
0 38,893
0 38,782
SPMDv3_O2_48
0 30,886
0 30,870
0 30,937
0 31,054
0 30,970
0 30,873
0 30,845
0 30,865
0 30,806
0 30,770
SPMDv3_O2_52
0 35,362
0 35,289
0 35,206
0 35,073
0 35,389
0 35,306
0 35,262
0 35,277
0 45,425
0 35,650
SPMDv3_O2_56
0 27,313
0 27,274
0 27,238
0 27,245
0 27,305
0 27,238
0 27,246
0 27,393
0 27,441
0 27,357
SPMDv3_O2_60
0 26,541
0 26,637
0 26,557
0 26,470
0 26,529
0 26,510
0 26,473
0 26,589
0 26,442
0 26,310
SPMDv3_O2_64
0 24,873
0 24,753
0 24,791
0 24,813
0 24,758
0 24,893
0 24,758
0 24,837
0 24,809
0 24,742
SPMDv3_1
10 17 47
10 17 43
10 16 09
10 16 10
10 17 38
10 17 41
10 17 36
11 24 06
10 18 00
10 27 11
10 17 38
10 17 51
10 18 58
10 17 51
10 17 56
10 17 41
10 17 39
10 18 57
10 17 39
10 17 58
10 17 55
10 19 58
10 17 35
10 17 37
10 18 06
10 18 03
10 17 45
10 17 35
10 17 40
10 17 49
SPMDv3_2
5 15 18
5 15 18
5 15 04
5 15 17
5 16 30
5 15 14
5 15 16
5 49 02
5 15 14
5 15 18
5 15 18
5 15 15
5 15 15
5 16 37
5 15 21
5 15 16
5 15 16
5 15 17
5 15 16
5 29 21
5 15 17
5 15 35
5 15 36
5 15 20
5 15 20
5 15 15
5 15 15
5 15 05
SPMDv3_4
2 41 33
2 41 33
2 41 31
2 42 24
2 41 35
2 41 32
5 15 15
5 17 13
2 41 33
2 41 33
2 41 34
2 41 32
2 41 31
2 41 32
2 41 34
2 41 35
2 41 34
2 41 34
2 41 33
2 41 36
2 42 03
2 41 31
2 52 23
2 41 32
2 41 33
2 41 34
2 48 47
2 41 33
2 41 32
2 41 32
2 41 31
SPMDv3_8
1 21 05
1 21 05
1 20 55
1 21 15
1 20 53
1 20 52