0.598
0.423
0.410
0.413
0.388
0.428
0.397
0.466
0.440
0.441
0.622
0.412
0.384
0.387
0.447
0.461
0.427
0.416
0.417
0.450
0.654
0.418
0.395
0.419
0.423
0.418
0.388
0.425
0.389
0.438
0.603
0.380
0.361
0.382
0.385
0.391
0.338
0.398
0.381
0.380
0.604
0.415
0.372
0.409
0.428
0.366
0.376
0.414
0.380
0.372
0.644
0.417
0.425
0.423
0.430
0.417
0.406
0.419
0.414
0.443
0.644
0.438
0.413
0.425
0.404
0.421
0.420
0.422
0.419
0.419
0.628
0.419
0.399
0.421
0.431
0.422
0.427
0.421
0.438
0.413
0.648
0.428
0.454
0.423
0.418
0.437
0.444
0.417
0.421
0.421
0.574
0.413
0.444
0.435
0.403
0.423
0.429
0.418
0.442
0.438
0.645
0.427
0.435
0.428
0.404
0.429
0.433
0.412
0.419
0.418
0.607
0.426
0.422
0.410
0.427
0.376
0.418
0.418
0.423
0.418
0.597
0.447
0.417
0.419
0.422
0.415
0.436
0.428
0.417
0.409
0.656
0.429
0.399
0.393
0.394
0.392
0.413
0.389
0.393
0.391
0.415
0.402
0.407
0.418
0.394
0.430
0.393
0.445
0.446
0.430
0.505
0.412
0.434
0.423
0.382
0.418
0.397
0.435
0.418
0.418
0.492
0.416
0.388
0.409
0.396
0.374
0.422
0.409
0.410
0.412
0.502
0.413
0.426
0.410
0.433
0.407
0.400
0.421
0.421
0.423
0.507
0.425
0.394
0.421
0.404
0.341
0.390
0.411
0.377
0.429
0.585
0.413
0.393
0.412
0.423
0.415
0.409
0.414
0.413
0.409
0.475
0.425
0.401
0.378
0.396
0.407
0.423
0.415
0.409
0.415
0.534
0.391
0.392
0.450
0.407
0.425
0.399
0.416
0.452
0.421
0.513
0.414
0.420
0.417
0.467
0.387
0.423
0.393
0.381
0.422
0.511
0.383
0.389
0.419
0.432
0.426
0.404
0.385
0.352
0.380
0.521
0.421
0.386
0.413
0.410
0.414
0.445
0.413
0.446
0.440
0.498
0.414
0.433
0.424
0.422
0.419
0.422
0.414
0.428
0.412
0.505
0.415
0.409
0.410
0.431
0.411
0.390
0.420
0.441
0.419
0.522
0.411
0.421
0.410
0.424
0.408
0.398
0.410
0.408
0.447
0.474
0.383
0.383
0.385
0.396
0.381
0.401
0.384
0.388
0.382
0.475
0.431
0.397
0.417
0.396
0.411
0.433
0.409
0.415
0.406
0.510
0.417
0.388
0.432
0.394
0.382
0.437
0.419
0.447
0.434
0.495
0.420
0.432
0.429
0.428
0.459
0.382
0.427
0.440
0.414
0.557
0.438
0.412
0.425
0.451
0.408
0.398
0.417
0.414
0.418
0.507
0.390
0.397
0.412
0.410
0.410
0.422
0.440
0.412
0.430
0.579
0.433
0.364
0.378
0.396
0.377
0.378
0.390
0.380
0.380
0.557
0.423
0.427
0.422
0.428
0.432
0.430
0.409
0.438
0.436
0.576
0.388
0.390
0.417
0.426
0.429
0.420
0.419
0.422
0.427
0.549
0.418
0.434
0.419
0.424
0.431
0.386
0.436
0.430
0.421
0.620
0.426
0.401
0.418
0.389
0.432
0.387
0.429
0.416
0.422
0.644
0.419
0.420
0.431
0.396
0.418
0.432
0.440
0.389
0.463
0.589
0.391
0.384
0.416
0.420
0.388
0.361
0.414
0.389
0.386
0.516
0.421
0.409
0.419
0.361
0.414
0.364
0.414
0.359
0.418
0.571
0.388
0.396
0.388
0.392
0.391
0.409
0.258
0.387
0.393
0.530
0.421
0.428
0.426
0.424
0.432
0.440
0.417
0.444
0.421
0.600
0.427
0.396
0.416
0.430
0.416
0.418
0.416
0.441
0.424
0.452
0.414
0.416
0.417
0.378
0.420
0.422
0.409
0.387
0.411
0.445
0.389
0.400
0.386
0.389
0.384
0.399
0.380
0.412
0.386
0.459
0.425
0.428
0.411
0.424
0.423
0.432
0.406
0.432
0.411
0.534
0.419
0.412
0.406
0.411
0.428
0.394
0.406
0.424
0.415
0.563
0.383
0.381
0.400
0.381
0.380
0.330
0.380
0.387
0.383
0.511
0.412
0.434
0.414
0.410
0.412
0.412
0.412
0.433
0.410
0.525
0.429
0.430
0.431
0.398
0.439
0.389
0.413
0.415
0.413
0.573
0.419
0.451
0.389
0.436
0.436
0.444
0.435
0.438
0.431
0.496
0.386
0.385
0.384
0.431
0.411
0.329
0.409
0.382
0.382
0.514
0.433
0.441
0.418
0.431
0.437
0.461
0.413
0.444
0.435
0.506
0.393
0.389
0.401
0.389
0.388
0.391
0.389
0.387
0.411
0.509
0.412
0.429
0.427
0.412
0.427
0.448
0.411
0.409
0.420
0.491
0.390
0.348
0.397
0.396
0.393
0.387
0.381
0.387
0.384
0.520
0.398
0.404
0.415
0.400
0.419
0.405
0.413
0.408
0.426
0.505
0.410
0.389
0.456
0.416
0.392
0.375
0.380
0.388
0.379
0.430
0.387
0.403
0.384
0.399
0.389
0.373
0.383
0.443
0.384
0.519
0.429
0.466
0.425
0.436
0.427
0.429
0.426
0.395
0.457
0.509
0.424
0.440
0.464
0.400
0.430
0.389
0.424
0.426
0.429
0.494
0.426
0.425
0.431
0.399
0.424
0.385
0.388
0.425
0.427
0.518
0.425
0.451
0.427
0.403
0.436
0.425
0.424
0.414
0.431
0.499
0.434
0.427
0.434
0.431
0.427
0.441
0.426
0.424
0.429
0.604
0.426
0.375
0.453
0.450
0.424
0.433
0.426
0.439
0.421
0.588
0.446
0.431
0.428
0.427
0.429
0.431
0.427
0.434
0.435
0.527
0.432
0.429
0.424
0.437
0.433
0.451
0.438
0.449
0.428
0.606
0.432
0.433
0.463
0.450
0.432
0.430
0.440
0.393
0.438
0.513
0.427
0.429
0.456
0.391
0.421
0.429
0.428
0.446
0.428
0.579
0.443
0.391
0.423
0.431
0.425
0.418
0.438
0.427
0.435
0.506
0.438
0.428
0.440
0.429
0.424
0.431
0.435
0.463
0.441
0.534
0.459
0.434
0.432
0.408
0.440
0.396
0.439
0.411
0.433
0.551
0.425
0.431
0.415
0.393
0.426
0.393
0.433
0.395
0.426
0.473
0.388
0.409
0.397
0.360
0.384
0.410
0.384
0.389
0.382
0.464
0.413
0.376
0.412
0.413
0.413
0.445
0.414
0.404
0.409
0.479
0.399
0.364
0.389
0.367
0.387
0.384
0.384
0.408
0.386
0.383
0.382
0.361
0.299
0.381
0.383
0.381
0.378
0.349
0.428
0.614
0.437
0.439
0.413
0.350
0.385
0.428
0.432
0.382
0.408
0.502
0.408
0.381
0.419
0.383
0.381
0.436
0.411
0.406
0.409
0.513
0.440
0.384
0.422
0.367
0.411
0.413
0.413
0.435
0.419
0.537
0.412
0.411
0.410
0.396
0.418
0.395
0.426
0.382
0.431
0.508
0.392
0.390
0.441
0.388
0.411
0.420
0.438
0.414
0.410
0.474
0.398
0.387
0.386
0.397
0.393
0.390
0.389
0.427
0.392
0.543
0.400
0.411
0.384
0.444
0.441
0.432
0.417
0.370
0.413
0.501
0.411
0.388
0.408
0.382
0.410
0.416
0.411
0.440
0.410
0.574
0.378
0.394
0.413
0.381
0.416
0.378
0.380
0.403
0.447
0.518
0.421
0.425
0.411
0.421
0.419
0.431
0.421
0.419
0.402
0.493
0.399
0.399
0.385
0.385
0.385
0.336
0.382
0.343
0.419
0.512
0.417
0.432
0.419
0.430
0.442
0.438
0.436
0.430
0.419
0.482
0.420
0.431
0.420
0.446
0.421
0.422
0.486
0.431
0.424
0.518
0.422
0.389
0.425
0.414
0.454
0.416
0.433
0.460
0.411
0.479
0.419
0.437
0.447
0.402
0.429
0.421
0.428
0.422
0.442
0.484
0.433
0.433
0.434
0.444
0.478
0.453
0.414
0.422
0.415
0.497
0.373
0.386
0.413
0.412
0.420
0.397
0.415
0.380
0.416
0.485
0.382
0.403
0.526
0.452
0.422
0.421
0.438
0.432
0.430
0.612
0.401
0.429
0.445
0.436
0.424
0.422
0.422
0.434
0.420
0.522
0.426
0.433
0.337
0.456
0.433
0.395
0.418
0.426
0.418
0.478
0.385
0.401
0.406
0.346
0.399
0.388
0.399
0.407
0.405
0.591
0.423
0.441
0.434
0.423
0.463
0.433
0.423
0.454
0.420
0.515
0.416
0.392
0.429
0.420
0.430
0.389
0.415
0.429
0.423
0.524
0.412
0.419
0.383
0.417
0.426
0.410
0.432
0.398
0.412
0.509
0.436
0.427
0.420
0.411
0.441
0.419
0.426
0.390
0.440
0.588
0.418
0.354
0.386
0.397
0.388
0.357
0.421
0.430
0.385
0.518
0.385
0.436
0.425
0.426
0.424
0.434
0.420
0.389
0.420
0.480
0.386
0.366
0.387
0.384
0.388
0.382
0.394
0.382
0.385
0.513
0.410
0.397
0.415
0.393
0.413
0.396
0.412
0.423
0.414
0.482
0.395
0.393
0.406
0.347
0.391
0.404
0.388
0.380
0.396
0.478
0.406
0.349
0.384
0.343
0.380
0.363
0.386
0.345
0.381
0.453
0.399
0.389
0.390
0.399
0.390
0.357
0.392
0.423
0.389
0.503
0.422
0.418
0.415
0.399
0.424
0.416
0.412
0.424
0.415
0.481
0.384
0.392
0.392
0.407
0.385
0.377
0.383
0.382
0.392
0.518
0.429
0.388
0.414
0.357
0.414
0.437
0.411
0.426
0.414
0.524
0.425
0.416
0.430
0.429
0.428
0.416
0.376
0.437
0.411
0.590
0.415
0.391
0.426
0.388
0.417
0.373
0.426
0.413
0.419
0.519
0.422
0.415
0.421
0.384
0.414
0.396
0.427
0.421
0.404
0.518
0.418
0.379
0.423
0.410
0.427
0.419
0.410
0.450
0.422
0.525
0.417
0.380
0.408
0.440
0.427
0.436
0.425
0.426
0.415
0.599
0.423
0.431
0.418
0.439
0.429
0.393
0.445
0.430
0.419
0.548
0.427
0.432
0.426
0.435
0.420
0.428
0.423
0.389
0.418
0.475
0.425
0.398
0.427
0.401
0.457
0.398
0.425
0.425
0.422
0.512
0.421
0.431
0.422
0.428
0.423
0.401
0.429
0.427
0.423
0.483
0.423
0.425
0.430
0.420
0.424
0.438
0.442
0.426
0.449
0.488
0.419
0.438
0.388
0.405
0.395
0.396
0.388
0.397
0.390
0.516
0.432
0.449
0.441
0.443
0.435
0.411
0.420
0.399
0.441
0.506
0.450
0.403
0.443
0.437
0.432
0.437
0.437
0.424
0.421
0.489
0.417
0.417
0.420
0.433
0.417
0.404
0.418
0.392
0.433
0.494
0.386
0.407
0.384
0.389
0.380
0.388
0.378
0.349
0.379
0.524
0.446
0.387
0.425
0.384
0.420
0.415
0.424
0.452
0.417
0.489
0.387
0.406
0.386
0.404
0.391
0.408
0.382
0.380
0.387
0.519
0.429
0.372
0.424
0.415
0.417
0.432
0.420
0.421
0.454
0.527
0.426
0.419
0.425
0.421
0.418
0.447
0.424
0.390
0.419
0.518
0.418
0.401
0.418
0.397
0.428
0.382
0.461
0.390
0.416
0.521
0.419
0.394
0.419
0.405
0.422
0.407
0.426
0.446
0.433
0.512
0.415
0.440
0.410
0.417
0.418
0.395
0.415
0.387
0.412
0.511
0.440
0.430
0.436
0.362
0.415
0.437
0.402
0.380
0.382
0.447
0.397
0.402
0.414
0.388
0.420
0.406
0.421
0.388
0.409
0.504
0.414
0.445
0.448
0.429
0.413
0.421
0.385
0.427
0.413
0.447
0.442
0.429
0.415
0.427
0.433
0.426
0.438
0.413
0.433
0.526
0.421
0.426
0.401
0.384
0.398
0.398
0.423
0.389
0.415
0.520
0.424
0.436
0.397
0.435
0.431
0.400
0.421
0.399
0.419
0.476
0.414
0.414
0.453
0.434
0.406
0.432
0.446
0.412
0.429
0.495
0.447
0.449
0.464
0.423
0.425
0.412
0.425
0.422
0.423
0.492
0.381
0.399
0.378
0.377
0.391
0.400
0.384
0.404
0.392
0.529
0.435
0.458
0.434
0.441
0.415
0.425
0.411
0.408
0.410
0.440
0.388
0.388
0.381
0.370
0.428
0.444
0.411
0.376
0.424
0.530
0.419
0.449
0.429
0.431
0.416
0.411
0.415
0.397
0.416
0.560
0.443
0.413
0.428
0.385
0.430
0.276
0.463
0.423
0.425
0.499
0.403
0.404
0.387
0.402
0.387
0.389
0.389
0.423
0.418
0.480
0.467
0.409
0.434
0.408
0.433
0.433
0.435
0.404
0.453
0.497
0.429
0.430
0.398
0.431
0.398
0.427
0.400
0.413
0.421
0.461
0.390
0.357
0.400
0.375
0.386
0.425
0.395
0.363
0.359
0.488
0.432
0.458
0.431
0.388
0.421
0.392
0.435
0.417
0.429
0.513
0.459
0.430
0.429
0.441
0.431
0.440
0.427
0.405
0.446
0.484
0.431
0.403
0.424
0.444
0.428
0.423
0.427
0.428
0.455
0.462
0.419
0.495
0.427
0.426
0.437
0.391
0.399
0.412
0.390
0.531
0.433
0.425
0.424
0.388
0.389
0.445
0.421
0.427
0.437
0.474
0.424
0.437
0.423
0.429
0.434
0.355
0.329
0.410
0.454
0.463
0.382
0.334
0.395
0.377
0.327
0.401
0.380
0.416
0.402
0.536
0.402
0.443
0.426
0.400
0.418
0.401
0.430
0.445
0.438
0.528
0.436
0.398
0.447
0.410
0.431
0.434
0.484
0.428
0.479
0.501
0.444
0.380
0.428
0.458
0.436
0.438
0.416
0.414
0.427
0.554
0.424
0.429
0.426
0.387
0.442
0.431
0.425
0.428
0.424
0.558
0.431
0.425
0.445
0.431
0.430
0.446
0.429
0.402
0.434
0.515
0.394
0.383
0.378
0.350
0.386
0.385
0.393
0.392
0.434
0.528
0.437
0.443
0.435
0.432
0.431
0.408
0.430
0.440
0.437
0.482
0.392
0.395
0.388
0.392
0.388
0.398
0.389
0.398
0.387
0.514
0.436
0.421
0.432
0.462
0.436
0.444
0.422
0.437
0.415
0.512
0.375
0.433
0.425
0.387
0.415
0.385
0.412
0.431
0.412
0.517
0.397
0.414
0.387
0.412
0.388
0.457
0.414
0.426
0.440
0.478
0.412
0.420
0.390
0.388
0.401
0.401
0.388
0.389
0.390
0.507
0.387
0.409
0.414
0.424
0.412
0.394
0.383
0.435
0.451
0.505
0.385
0.397
0.388
0.359
0.415
0.361
0.378
0.347
0.378
0.480
0.395
0.387
0.418
0.390
0.436
0.404
0.425
0.409
0.425
0.485
0.410
0.409
0.420
0.383
0.459
0.382
0.429
0.412
0.419
0.524
0.440
0.413
0.424
0.435
0.412
0.419
0.425
0.434
0.430
0.511
0.444
0.464
0.436
0.390
0.416
0.433
0.414
0.418
0.419
0.508
0.383
0.411
0.417
0.460
0.440
0.398
0.415
0.391
0.412
0.490
0.389
0.390
0.392
0.365
0.426
0.426
0.393
0.394
0.389
0.518
0.422
0.437
0.427
0.436
0.433
0.409
0.426
0.438
0.423
0.446
0.343
0.389
0.392
0.366
0.391
0.438
0.407
0.406
0.415
0.444
0.392
0.410
0.416
0.392
0.405
0.382
0.395
0.351
0.379
0.474
0.406
0.393
0.393
0.402
0.389
0.397
0.385
0.382
0.385
0.489
0.464
0.424
0.422
0.440
0.422
0.430
0.417
0.420
0.426
0.454
0.382
0.388
0.430
0.425
0.411
0.383
0.408
0.333
0.423
0.542
0.394
0.388
0.414
0.405
0.417
0.391
0.427
0.410
0.421
0.496
0.417
0.402
0.429
0.386
0.427
0.446
0.440
0.416
0.430
0.462
0.426
0.449
0.482
0.424
0.427
0.426
0.418
0.428
0.414
0.515
0.389
0.386
0.415
0.378
0.422
0.383
0.454
0.401
0.399
0.507
0.424
0.426
0.423
0.422
0.443
0.435
0.422
0.430
0.443
0.478
0.430
0.440
0.423
0.411
0.414
0.391
0.407
0.377
0.384
0.522
0.382
0.423
0.412
0.422
0.418
0.418
0.425
0.414
0.419
0.510
0.423
0.396
0.432
0.453
0.414
0.418
0.416
0.416
0.425
0.592
0.422
0.438
0.419
0.387
0.412
0.404
0.419
0.412
0.469
0.472
0.451
0.409
0.414
0.389
0.432
0.422
0.414
0.410
0.409
0.434
0.383
0.387
0.382
0.388
0.382
0.408
0.381
0.405
0.382
0.474
0.384
0.381
0.410
0.389
0.387
0.387
0.383
0.380
0.391
0.478
0.384
0.382
0.382
0.380
0.387
0.387
0.380
0.385
0.383
0.485
0.419
0.392
0.386
0.402
0.406
0.389
0.388
0.390
0.367
0.493
0.424
0.425
0.413
0.417
0.433
0.381
0.379
0.345
0.396
0.494
0.429
0.383
0.351
0.404
0.385
0.381
0.427
0.385
0.384
0.509
0.417
0.428
0.420
0.425
0.414
0.419
0.421
0.420
0.432
0.483
0.413
0.409
0.400
0.398
0.383
0.388
0.392
0.392
0.411
0.485
0.395
0.402
0.392
0.391
0.402
0.391
0.387
0.429
0.384
0.478
0.403
0.404
0.396
0.395
0.389
0.398
0.394
0.392
0.392
0.473
0.437
0.423
0.415
0.415
0.415
0.419
0.415
0.415
0.422
0.456
0.386
0.381
0.380
0.381
0.381
0.380
0.410
0.393
0.389
0.512
0.412
0.430
0.436
0.387
0.421
0.437
0.413
0.419
0.446
0.483
0.387
0.391
0.396
0.418
0.381
0.387
0.397
0.378
0.380
0.521
0.440
0.399
0.422
0.421
0.470
0.426
0.421
0.431
0.420
0.519
0.429
0.422
0.424
0.415
0.423
0.400
0.425
0.412
0.442
0.520
0.432
0.435
0.436
0.397
0.420
0.405
0.435
0.391
0.403
0.513
0.428
0.428
0.426
0.400
0.417
0.393
0.433
0.426
0.436
0.489
0.445
0.438
0.428
0.437
0.440
0.396
0.418
0.431
0.437
0.521
0.437
0.406
0.448
0.432
0.431
0.423
0.427
0.437
0.443
0.532
0.430
0.435
0.428
0.428
0.445
0.430
0.447
0.403
0.425
0.526
0.418
0.398
0.424
0.432
0.415
0.413
0.436
0.430
0.432
0.488
0.431
0.435
0.415
0.431
0.433
0.445
0.417
0.456
0.439
0.516
0.429
0.441
0.421
0.431
0.415
0.419
0.419
0.411
0.429
0.526
0.417
0.423
0.413
0.427
0.463
0.419
0.417
0.433
0.432
0.524
0.421
0.442
0.424
0.399
0.429
0.440
0.414
0.433
0.438
0.443
0.401
0.438
0.407
0.400
0.389
0.423
0.447
0.401
0.422
0.512
0.489
0.399
0.437
0.488
0.468
0.432
0.428
0.429
0.428
0.507
0.397
0.431
0.423
0.402
0.406
0.408
0.436
0.410
0.427
0.507
0.379
0.384
0.378
0.394
0.381
0.379
0.387
0.375
0.380
0.480
0.441
0.427
0.412
0.400
0.447
0.454
0.408
0.424
0.414
0.443
0.423
0.416
0.421
0.430
0.420
0.413
0.412
0.409
0.418
0.506
0.410
0.422
0.411
0.408
0.410
0.425
0.422
0.425
0.406
0.533
0.434
0.416
0.419
0.465
0.415
0.403
0.408
0.416
0.424
0.480
0.377
0.351
0.377
0.380
0.339
0.377
0.377
0.380
0.406
0.498
0.448
0.427
0.439
0.439
0.416
0.442
0.423
0.459
0.424
0.446
0.388
0.383
0.395
0.393
0.391
0.380
0.381
0.393
0.389
0.505
0.457
0.441
0.426
0.397
0.416
0.442
0.413
0.445
0.414
0.471
0.415
0.425
0.427
0.416
0.424
0.414
0.422
0.424
0.412
0.475
0.387
0.387
0.394
0.379
0.382
0.384
0.382
0.383
0.382
0.476
0.414
0.408
0.383
0.384
0.389
0.399
0.401
0.399
0.388
0.463
0.377
0.447
0.365
0.404
0.442
0.413
0.379
0.360
0.420
0.464
0.381
0.389
0.399
0.366
0.383
0.386
0.383
0.348
0.379
0.461
0.414
0.422
0.418
0.303
0.425
0.444
0.415
0.449
0.426