0.244
0.240
0.235
0.231
0.229
0.235
0.234
0.233
0.239
0.236
0.263
0.224
0.186
0.224
0.239
0.182
0.227
0.223
0.234
0.208
0.243
0.230
0.236
0.226
0.227
0.230
0.223
0.236
0.235
0.231
0.253
0.216
0.240
0.224
0.224
0.230
0.223
0.226
0.230
0.224
0.241
0.226
0.226
0.233
0.227
0.208
0.233
0.228
0.226
0.226
0.249
0.226
0.224
0.223
0.222
0.224
0.239
0.223
0.229
0.225
0.238
0.233
0.235
0.233
0.225
0.228
0.233
0.224
0.234
0.226
0.245
0.235
0.228
0.189
0.222
0.242
0.237
0.254
0.239
0.239
0.255
0.223
0.225
0.229
0.229
0.229
0.221
0.225
0.224
0.231
0.241
0.227
0.234
0.253
0.236
0.236
0.252
0.246
0.238
0.237
0.249
0.233
0.241
0.225
0.241
0.242
0.248
0.247
0.245
0.237
0.250
0.226
0.202
0.207
0.235
0.239
0.243
0.240
0.247
0.234
0.245
0.232
0.233
0.231
0.238
0.245
0.243
0.234
0.256
0.245
0.246
0.228
0.226
0.232
0.244
0.238
0.238
0.236
0.237
0.242
0.255
0.240
0.236
0.240
0.264
0.238
0.241
0.237
0.236
0.198
0.245
0.227
0.227
0.227
0.241
0.192
0.225
0.228
0.228
0.195
0.249
0.233
0.233
0.234
0.233
0.221
0.236
0.233
0.238
0.240
0.243
0.228
0.236
0.237
0.200
0.212
0.232
0.212
0.235
0.220
0.244
0.224
0.234
0.237
0.231
0.232
0.234
0.239
0.231
0.228
0.232
0.225
0.224
0.229
0.237
0.225
0.234
0.253
0.233
0.236
0.218
0.224
0.227
0.220
0.239
0.228
0.223
0.220
0.222
0.224
0.251
0.189
0.240
0.234
0.222
0.225
0.230
0.224
0.224
0.204
0.212
0.230
0.235
0.236
0.235
0.233
0.224
0.253
0.233
0.236
0.242
0.229
0.224
0.222
0.227
0.229
0.226
0.222
0.225
0.226
0.259
0.241
0.233
0.232
0.228
0.229
0.230
0.229
0.231
0.229
0.254
0.227
0.230
0.246
0.232
0.231
0.231
0.228
0.227
0.248
0.249
0.224
0.230
0.227
0.230
0.233
0.191
0.239
0.245
0.242
0.252
0.227
0.255
0.202
0.210
0.240
0.241
0.237
0.294
0.252
0.207
0.231
0.228
0.239
0.250
0.238
0.239
0.198
0.241
0.208
0.222
0.227
0.232
0.239
0.207
0.237
0.238
0.227
0.238
0.205
0.194
0.223
0.238
0.230
0.227
0.226
0.226
0.239
0.243
0.224
0.241
0.254
0.250
0.236
0.237
0.239
0.233
0.237
0.233
0.236
0.245
0.201
0.235
0.235
0.237
0.237
0.243
0.236
0.252
0.235
0.241
0.224
0.223
0.224
0.228
0.244
0.225
0.234
0.247
0.235
0.244
0.233
0.235
0.210
0.221
0.234
0.239
0.231
0.237
0.240
0.243
0.233
0.223
0.227
0.237
0.136
0.237
0.225
0.223
0.229
0.244
0.222
0.224
0.224
0.235
0.235
0.234
0.231
0.233
0.227
0.246
0.229
0.238
0.235
0.242
0.247
0.224
0.233
0.241
0.237
0.243
0.246
0.192
0.229
0.227
0.224
0.233
0.236
0.229
0.239
0.290
0.227
0.228
0.227
0.230
0.229
0.251
0.241
0.246
0.241
0.261
0.241
0.259
0.228
0.228
0.232
0.236
0.246
0.237
0.229
0.247
0.228
0.244
0.229
0.232
0.232
0.230
0.228
0.244
0.240
0.201
0.188
0.231
0.233
0.230
0.233
0.230
0.243
0.240
0.238
0.246
0.232
0.233
0.230
0.236
0.232
0.231
0.245
0.228
0.232
0.251
0.230
0.228
0.228
0.212
0.238
0.240
0.228
0.238
0.244
0.193
0.188
0.230
0.230
0.233
0.223
0.222
0.226
0.244
0.225
0.236
0.216
0.230
0.225
0.224
0.225
0.236
0.225
0.224
0.238
0.239
0.227
0.242
0.229
0.252
0.233
0.224
0.229
0.239
0.232
0.242
0.229
0.228
0.239
0.232
0.240
0.245
0.239
0.236
0.234
0.242
0.224
0.236
0.234
0.222
0.224
0.235
0.233
0.234
0.237
0.244
0.227
0.221
0.223
0.220
0.219
0.223
0.222
0.226
0.232
0.241
0.228
0.227
0.224
0.227
0.233
0.232
0.250
0.233
0.234
0.242
0.222
0.235
0.235
0.232
0.235
0.199
0.233
0.236
0.236
0.247
0.222
0.234
0.234
0.236
0.232
0.237
0.263
0.238
0.233
0.251
0.228
0.229
0.192
0.236
0.228
0.238
0.235
0.203
0.235
0.244
0.231
0.238
0.240
0.238
0.239
0.245
0.255
0.243
0.233
0.220
0.228
0.237
0.238
0.242
0.253
0.225
0.227
0.234
0.228
0.246
0.230
0.228
0.230
0.232
0.227
0.228
0.249
0.240
0.253
0.243
0.228
0.243
0.238
0.239
0.238
0.237
0.240
0.240
0.237
0.252
0.230
0.241
0.227
0.238
0.238
0.226
0.227
0.241
0.237
0.187
0.215
0.246
0.224
0.228
0.223
0.191
0.242
0.226
0.226
0.248
0.161
0.221
0.224
0.230
0.220
0.228
0.234
0.225
0.224
0.244
0.233
0.231
0.238
0.237
0.235
0.234
0.238
0.234
0.234
0.240
0.217
0.265
0.222
0.225
0.237
0.233
0.233
0.236
0.228
0.244
0.225
0.237
0.233
0.234
0.252
0.236
0.232
0.234
0.234
0.250
0.229
0.223
0.224
0.226
0.221
0.230
0.177
0.174
0.224
0.249
0.225
0.232
0.248
0.234
0.231
0.237
0.233
0.232
0.230
0.240
0.253
0.233
0.241
0.234
0.230
0.235
0.241
0.233
0.233
0.245
0.262
0.234
0.233
0.239
0.228
0.234
0.235
0.233
0.234
0.246
0.227
0.234
0.238
0.237
0.227
0.238
0.238
0.239
0.237
0.253
0.241
0.226
0.228
0.233
0.242
0.207
0.240
0.237
0.236
0.246
0.246
0.230
0.230
0.223
0.230
0.234
0.223
0.242
0.237
0.244
0.225
0.234
0.228
0.229
0.237
0.237
0.258
0.240
0.251
0.222
0.226
0.228
0.233
0.227
0.228
0.228
0.229
0.229
0.229
0.248
0.229
0.231
0.230
0.228
0.235
0.239
0.237
0.203
0.239
0.174
0.169
0.192
0.240
0.190
0.230
0.231
0.140
0.228
0.242
0.243
0.229
0.227
0.225
0.228
0.231
0.230
0.225
0.224
0.224
0.213
0.226
0.238
0.259
0.235
0.242
0.248
0.243
0.239
0.234
0.244
0.241
0.225
0.225
0.225
0.235
0.234
0.200
0.205
0.227
0.240
0.233
0.228
0.228
0.224
0.223
0.190
0.221
0.240
0.226
0.243
0.224
0.235
0.226
0.226
0.230
0.226
0.228
0.229
0.232
0.249
0.239
0.223
0.225
0.225
0.229
0.230
0.225
0.224
0.239
0.269
0.234
0.238
0.237
0.254
0.236
0.240
0.243
0.234
0.210
0.215
0.203
0.195
0.236
0.235
0.241
0.235
0.235
0.178
0.255
0.261
0.231
0.237
0.245
0.240
0.246
0.239
0.242
0.241
0.243
0.243
0.239
0.228
0.239
0.236
0.237
0.235
0.242
0.225
0.243
0.255
0.227
0.228
0.232
0.227
0.229
0.238
0.240
0.238
0.238
0.248
0.228
0.229
0.197
0.202
0.239
0.241
0.234
0.237
0.235
0.248
0.229
0.229
0.239
0.240
0.213
0.236
0.242
0.242
0.237
0.216
0.229
0.239
0.235
0.250
0.236
0.245
0.238
0.238
0.238
0.228
0.226
0.187
0.232
0.232
0.225
0.225
0.225
0.229
0.223
0.251
0.242
0.227
0.238
0.240
0.233
0.232
0.238
0.232
0.231
0.294
0.228
0.226
0.225
0.228
0.223
0.226
0.223
0.237
0.243
0.218
0.233
0.234
0.232
0.223
0.234
0.232
0.232
0.237
0.231
0.226
0.226
0.226
0.228
0.225
0.237
0.235
0.233
0.230
0.234
0.216
0.228
0.229
0.226
0.229
0.241
0.234
0.198
0.237
0.235
0.218
0.225
0.224
0.230
0.235
0.234
0.247
0.196
0.234
0.233
0.210
0.193
0.176
0.226
0.234
0.235
0.234
0.235
0.200
0.236
0.206
0.231
0.225
0.234
0.235
0.237
0.237
0.257
0.234
0.234
0.236
0.227
0.230
0.242
0.237
0.238
0.238
0.239
0.237
0.241
0.224
0.239
0.237
0.211
0.208
0.248
0.238
0.237
0.230
0.240
0.210
0.224
0.241
0.206
0.240
0.236
0.184
0.236
0.236
0.235
0.225
0.234
0.228
0.230
0.237
0.239
0.229
0.238
0.239
0.241
0.211
0.230
0.232
0.232
0.223
0.240
0.228
0.229
0.227
0.206
0.239
0.242
0.231
0.227
0.258
0.241
0.251
0.237
0.225
0.234
0.173
0.192
0.182
0.230
0.246
0.242
0.224
0.249
0.226
0.238
0.245
0.250
0.230
0.238
0.251
0.234
0.241
0.239
0.230
0.239
0.253
0.214
0.223
0.228
0.225
0.236
0.245
0.234
0.244
0.198
0.247
0.228
0.224
0.198
0.240
0.221
0.228
0.232
0.231
0.231
0.240
0.223
0.221
0.199
0.193
0.228
0.233
0.234
0.232
0.239
0.244
0.225
0.227
0.228
0.193
0.230
0.227
0.226
0.230
0.227
0.245
0.221
0.227
0.224
0.228
0.224
0.225
0.225
0.220
0.227
0.240
0.233
0.201
0.231
0.248
0.231
0.236
0.234
0.225
0.237
0.211
0.239
0.231
0.225
0.225
0.227
0.222
0.222
0.224
0.253
0.246
0.230
0.228
0.230
0.253
0.232
0.238
0.232
0.240
0.237
0.247
0.256
0.234
0.241
0.227
0.234
0.225
0.238
0.242
0.242
0.246
0.240
0.227
0.245
0.229
0.228
0.238
0.241
0.237
0.236
0.248
0.229
0.228
0.227
0.228
0.228
0.228
0.235
0.238
0.255
0.253
0.227
0.230
0.228
0.248
0.232
0.229
0.229
0.228
0.231
0.248
0.226
0.227
0.227
0.252
0.235
0.239
0.236
0.249
0.237
0.171
0.180
0.218
0.228
0.229
0.225
0.228
0.243
0.187
0.235
0.242
0.228
0.240
0.234
0.204
0.238
0.235
0.239
0.235
0.238
0.253
0.224
0.225
0.224
0.222
0.221
0.232
0.233
0.234
0.232
0.361
0.234
0.237
0.217
0.235
0.237
0.248
0.233
0.234
0.239
0.240
0.227
0.234
0.233
0.234
0.233
0.237
0.246
0.232
0.234
0.265
0.231
0.239
0.233
0.234
0.233
0.233
0.232
0.241
0.227
0.214
0.226
0.240
0.205
0.220
0.229
0.230
0.224
0.236
0.231
0.243
0.224
0.232
0.235
0.226
0.199
0.233
0.240
0.235
0.237
0.241
0.231
0.235
0.245
0.242
0.233
0.235
0.233
0.234
0.234
0.263
0.229
0.243
0.238
0.240
0.237
0.236
0.235
0.244
0.238
0.216
0.228
0.228
0.235
0.252
0.242
0.246
0.247
0.242
0.231
0.214
0.230
0.228
0.227
0.240
0.223
0.237
0.187
0.234
0.238
0.210
0.238
0.228
0.233
0.228
0.228
0.241
0.235
0.227
0.227
0.253
0.240
0.230
0.290
0.243
0.228
0.228
0.231
0.225
0.232
0.257
0.230
0.231
0.232
0.228
0.251
0.231
0.241
0.240
0.227
0.175
0.183
0.233
0.234
0.229
0.222
0.227
0.227
0.228
0.225
0.249
0.253
0.231
0.225
0.227
0.224
0.238
0.235
0.241
0.234
0.254
0.237
0.233
0.238
0.236
0.234
0.238
0.237
0.234
0.224
0.247
0.244
0.233
0.233
0.234
0.202
0.234
0.229
0.234
0.234
0.241
0.221
0.224
0.234
0.237
0.245
0.237
0.234
0.234
0.222
0.243
0.223
0.222
0.226
0.222
0.228
0.235
0.237
0.233
0.238
0.209
0.236
0.195
0.229
0.225
0.225
0.230
0.228
0.225
0.226
0.241
0.227
0.225
0.224
0.244
0.224
0.228
0.188
0.193
0.234
0.240
0.234
0.241
0.232
0.243
0.235
0.230
0.224
0.223
0.227
0.245
0.227
0.224
0.225
0.233
0.227
0.235
0.228
0.228
0.231
0.256
0.230
0.233
0.234
0.227
0.235
0.232
0.251
0.211
0.219
0.241
0.226
0.228
0.228
0.225
0.230
0.237
0.242
0.233
0.202
0.246
0.197
0.235
0.242
0.226
0.226
0.225
0.226
0.239
0.242
0.254
0.240
0.233
0.227
0.227
0.228
0.226
0.240
0.240
0.210
0.245
0.229
0.241
0.235
0.239
0.238
0.228
0.238
0.235
0.238
0.203
0.199
0.231
0.232
0.230
0.231
0.234
0.230
0.225
0.234
0.261
0.236
0.227
0.227
0.246
0.228
0.228
0.234
0.249
0.237
0.248
0.245
0.224
0.225
0.226
0.229
0.237
0.225
0.245
0.227
0.247
0.228
0.238
0.238
0.236
0.235
0.244
0.238
0.234
0.237
0.254
0.228
0.229
0.235
0.235
0.227
0.236
0.237
0.254
0.246
0.249
0.228
0.226
0.243
0.232
0.210
0.236
0.236
0.238
0.242
0.244
0.232
0.231
0.194
0.225
0.234
0.193
0.228
0.228
0.225
0.249
0.229
0.229
0.195
0.233
0.228
0.230
0.231
0.228
0.232
0.207
0.227
0.230
0.231
0.230
0.233
0.228
0.192
0.234
0.214
0.244
0.242
0.237
0.237
0.235
0.238
0.238
0.242
0.230
0.196
0.212
0.231
0.231
0.235
0.237
0.239
0.234
0.240
0.242
0.225
0.242
0.227
0.226
0.239
0.238
0.234
0.239
0.230
0.234
0.204
0.202
0.236
0.201
0.187
0.235
0.224
0.234
0.240
0.231
0.235
0.238
0.236
0.234
0.233
0.234
0.239
0.251
0.236
0.243
0.235
0.253
0.222
0.225
0.223
0.223
0.222
0.226
0.176
0.235
0.199
0.207
0.193
0.191
0.240
0.226
0.281
0.243
0.229
0.231
0.229
0.254
0.260
0.250
0.235
0.224
0.265
0.238
0.242
0.241
0.246
0.228
0.200
0.244
0.238
0.244
0.237
0.251
0.237
0.243
0.240
0.248
0.224
0.233
0.240
0.227
0.244
0.241
0.243
0.202
0.247
0.255
0.244
0.229
0.245
0.245
0.238
0.244
0.248
0.245
0.247
0.222
0.230
0.229
0.244
0.245
0.246
0.239
0.243
0.230
0.245
0.245
0.233
0.244
0.226
0.228
0.247
0.226
0.228
0.233
0.228
0.240
0.225
0.230
0.234
0.228
0.239
0.226
0.234
0.249
0.225
0.244
0.236
0.235
0.237
0.229
0.233
0.246
0.237
0.228
0.247
0.246
0.233
0.236
0.226
0.238
0.203
0.244
0.240
0.243
0.195
0.238
0.232
0.224
0.234
0.231
0.233
0.239
0.234
0.237
0.243
0.216
0.240
0.233
0.234
0.245
0.235
0.235
0.234
0.239
0.235
0.207
0.224
0.225
0.222
0.230
0.235
0.237
0.234
0.197
0.235
0.243
0.229
0.226
0.227
0.231
0.232
0.237
0.240
0.241
0.241
0.246
0.231
0.225
0.224
0.227
0.239
0.237
0.233
0.230
0.236
0.244
0.231
0.233
0.230
0.227
0.227
0.229
0.243
0.228
0.232
0.207
0.226
0.227
0.233
0.227
0.234
0.227
0.237
0.227
0.244
0.229
0.229
0.228
0.192
0.238
0.226
0.194
0.238
0.195
0.229
0.219
0.229
0.227
0.226
0.227
0.231
0.224
0.231
0.230
0.232
0.224
0.232
0.200
0.225
0.259
0.228
0.228
0.233
0.206
0.230
0.213
0.230
0.233
0.230
0.234
0.231
0.240
0.231
0.228
0.228
0.244
0.224
0.235
0.236
0.236
0.226
0.228
0.195
0.233
0.228
0.220
0.228
0.228
0.233
0.231
0.238
0.227
0.227
0.227
0.240
0.223
0.226
0.226
0.227
0.227
0.228
0.191
0.231
0.227
0.227
0.214
0.231
0.229
0.229
0.228
0.246
0.206
0.246
0.238
0.239
0.210
0.220
0.234
0.225
0.234
0.231
0.237
0.240
0.233
0.239
0.223
0.242
0.241
0.241
0.236
0.252
0.233
0.233
0.225
0.225
0.202
0.202
0.228
0.235
0.234
0.237
0.199
0.234
0.249
0.235
0.217
0.224
0.232
0.227
0.226
0.240
0.233
0.236
0.232
0.231
0.222
0.223
0.223
0.235
0.224
0.225
0.230
0.224
0.224
0.224
0.189
0.239
0.227
0.250
0.231
0.270
0.228
0.240
0.231
0.233
0.256
0.243
0.238
0.244
0.239
0.238
0.237
0.237
0.241
0.237
0.244
0.195
0.250
0.240
0.239
0.238
0.230
0.237
0.241
0.235
0.247
0.234
0.227
0.228
0.232
0.201
0.227
0.225
0.239
0.228
0.247
0.226
0.237
0.237
0.235
0.228
0.249
0.243
0.237
0.233
0.254
0.236
0.231
0.228
0.232
0.229
0.228
0.230
0.228
0.227
0.251
0.228
0.225
0.226
0.227
0.236
0.197
0.231
0.230
0.229
0.251
0.224
0.242
0.228
0.227
0.229
0.242
0.241
0.245
0.242
0.255
0.238
0.237
0.236
0.251
0.239
0.237
0.226
0.238
0.234
0.251
0.226
0.226
0.227
0.227
0.232
0.229
0.224
0.246
0.225
0.247
0.224
0.225
0.225
0.226
0.223
0.229
0.225
0.230
0.223
0.254
0.234
0.268
0.246
0.234
0.254
0.243
0.241
0.239
0.236
0.260
0.226
0.236
0.226
0.227
0.224
0.223
0.238
0.232
0.233
0.245
0.229
0.232
0.224
0.234
0.234
0.232
0.206
0.234
0.226
0.240
0.224
0.228
0.224
0.226
0.221
0.224
0.225
0.228
0.224
0.176
0.213
0.209
0.237
0.226
0.228
0.230
0.234
0.233
0.229
0.249
0.231
0.236
0.232
0.243
0.269
0.253
0.251
0.231
0.205
0.245
0.228
0.233
0.228
0.227
0.238
0.232
0.229
0.229
0.227
0.240
0.254
0.243
0.237
0.237
0.240
0.245
0.237
0.245
0.239
0.244
0.243
0.226
0.233
0.228
0.229
0.229
0.228
0.231
0.229
0.248
0.251
0.244
0.247
0.238
0.238
0.244
0.240
0.238
0.238
0.241
0.230
0.229
0.225
0.231
0.241
0.237
0.200
0.235
0.224
0.245
0.248
0.253
0.228
0.260
0.226
0.229
0.227
0.231
0.230
0.246
0.228
0.232
0.228
0.228
0.233
0.231
0.231
0.226
0.240
0.252
0.236
0.228
0.232
0.230
0.228
0.202
0.227
0.235
0.228
0.238
0.193
0.227
0.229
0.225
0.223
0.227
0.229
0.224
0.228
0.240
0.223
0.234
0.225
0.232
0.224
0.223
0.234
0.241
0.232
0.243
0.222
0.222
0.235
0.224
0.221
0.222
0.224
0.247
0.226
0.265
0.223
0.225
0.251
0.227
0.226
0.223
0.239
0.222
0.229
0.241
0.226
0.238
0.183
0.212
0.243
0.233
0.235
0.239
0.233
0.173
0.192
0.239
0.229
0.233
0.232
0.226
0.231
0.231
0.234
0.245
0.237
0.237
0.237
0.242
0.232
0.238
0.238
0.240
0.239
0.246
0.224
0.223
0.228
0.232
0.227
0.230
0.228
0.219
0.260
0.246
0.226
0.227
0.225
0.228
0.225
0.232
0.198
0.227
0.261
0.246
0.232
0.228
0.230
0.233
0.231
0.234
0.235
0.226
0.228
0.243
0.225
0.241
0.237
0.240
0.235
0.241
0.242
0.245
0.241
0.247
0.230
0.228
0.228
0.225
0.237
0.225
0.231
0.228
0.244
0.244
0.243
0.244
0.229
0.228
0.227
0.227
0.225
0.231
0.236
0.251
0.228
0.229
0.237
0.232
0.231
0.250
0.228
0.232
0.229
0.248
0.227
0.238
0.234
0.238
0.241
0.237
0.231
0.243
0.239
0.242
0.223
0.237
0.223
0.224
0.224
0.229
0.220
0.223
0.224
0.245
0.231
0.226
0.232
0.223
0.224
0.225
0.223
0.197
0.240
0.244
0.224
0.231
0.230
0.225
0.234
0.233
0.235
0.233
0.233
0.242
0.224
0.224
0.226
0.229
0.224
0.227
0.228
0.224
0.231
0.244
0.232
0.234
0.238
0.237
0.239
0.239
0.239
0.224
0.225
